StartPoint EndPoint cM/Mb
1 1 20000 NA
2 20001 40000 NA
3 40001 60000 NA
4 60001 80000 NA
5 80001 100000 NA
6 100001 120000 NA
7 120001 140000 NA
8 140001 160000 NA
9 160001 180000 NA
10 180001 200000 NA
11 200001 220000 NA
12 220001 240000 NA
13 240001 260000 NA
14 260001 280000 NA
15 280001 300000 NA
16 300001 320000 4.97587421111081
17 320001 340000 4.97587421111081
18 340001 360000 4.97587421111081
19 360001 380000 4.97587421111081
20 380001 400000 4.97587421111081
21 400001 420000 1.88527213447214
22 420001 440000 1.73454268189078
23 440001 460000 1.73454268189078
24 460001 480000 1.73454268189078
25 480001 500000 1.73454268189078
26 500001 520000 1.73454268189078
27 520001 540000 1.73454268189078
28 540001 560000 1.73454268189078
29 560001 580000 1.73454268189078
30 580001 600000 1.73454268189078
31 600001 620000 1.73454268189078
32 620001 640000 1.73454268189078
33 640001 660000 1.73454268189078
34 660001 680000 1.73454268189078
35 680001 700000 1.73454268189078
36 700001 720000 1.73454268189077
37 720001 740000 1.73454268189079
38 740001 760000 1.73454268189078
39 760001 780000 1.73454268189078
40 780001 800000 1.73454268189079
41 800001 820000 1.73454268189077
42 820001 840000 1.73454268189079
43 840001 860000 1.73454268189078
44 860001 880000 1.73454268189078
45 880001 900000 1.73454268189079
46 900001 920000 1.73454268189077
47 920001 940000 1.73454268189078
48 940001 960000 1.73454268189077
49 960001 980000 1.73454268189079
50 980001 1000000 1.73454268189079
51 1000001 1020000 1.73454268189077
52 1020001 1040000 1.73454268189079
53 1040001 1060000 1.73454268189079
54 1060001 1080000 1.73454268189077
55 1080001 1100000 1.73454268189079
56 1100001 1120000 1.73454268189077
57 1120001 1140000 1.73454268189079
58 1140001 1160000 1.73454268189077
59 1160001 1180000 1.73454268189079
60 1180001 1200000 1.73454268189079
61 1200001 1220000 1.73454268189077
62 1220001 1240000 1.73454268189079
63 1240001 1260000 1.73454268189079
64 1260001 1280000 1.73454268189077
65 1280001 1300000 1.73454268189079
66 1300001 1320000 1.73454268189077
67 1320001 1340000 1.73454268189079
68 1340001 1360000 1.73454268189079
69 1360001 1380000 1.73454268189077
70 1380001 1400000 1.73454268189079
71 1400001 1420000 1.73454268189077
72 1420001 1440000 1.73454268189079
73 1440001 1460000 1.73454268189079
74 1460001 1480000 1.73454268189077
75 1480001 1500000 1.73454268189079
76 1500001 1520000 1.73454268189077
77 1520001 1540000 1.73454268189077
78 1540001 1560000 1.73454268189079
79 1560001 1580000 1.73454268189079
80 1580001 1600000 1.73454268189077
81 1600001 1620000 1.73454268189079
82 1620001 1640000 1.73454268189079
83 1640001 1660000 1.73454268189077
84 1660001 1680000 1.73454268189079
85 1680001 1700000 1.73454268189077
86 1700001 1720000 1.73454268189077
87 1720001 1740000 1.73454268189079
88 1740001 1760000 1.73454268189077
89 1760001 1780000 1.73454268189079
90 1780001 1800000 1.73454268189079
91 1800001 1820000 2.1217519463545
92 1820001 1840000 2.91266501263927
93 1840001 1860000 2.91266501263927
94 1860001 1880000 2.91266501263927
95 1880001 1900000 2.91266501263927
96 1900001 1920000 2.91266501263927
97 1920001 1940000 2.91266501263927
98 1940001 1960000 2.91266501263927
99 1960001 1980000 2.91266501263927
100 1980001 2000000 2.91266501263927
101 2000001 2020000 2.91266501263927
102 2020001 2040000 2.91266501263927
103 2040001 2060000 2.91266501263927
104 2060001 2080000 2.6051068670172
105 2080001 2100000 2.31134960015558
106 2100001 2120000 2.31134960015558
107 2120001 2140000 2.31134960015558
108 2140001 2160000 2.31134960015558
109 2160001 2180000 2.31134960015558
110 2180001 2200000 2.31134960015555
111 2200001 2220000 2.31134960015555
112 2220001 2240000 2.31134960015555
113 2240001 2260000 2.31134960015555
114 2260001 2280000 2.31134960015555
115 2280001 2300000 2.31134960015555
116 2300001 2320000 2.31134960015555
117 2320001 2340000 2.31134960015555
118 2340001 2360000 2.31134960015555
119 2360001 2380000 2.31134960015555
120 2380001 2400000 2.31134960015555
121 2400001 2420000 2.31134960015555
122 2420001 2440000 2.31134960015555
123 2440001 2460000 2.31134960015555
124 2460001 2480000 2.31134960015555
125 2480001 2500000 2.31134960015555
126 2500001 2520000 2.31134960015555
127 2520001 2540000 2.31134960015555
128 2540001 2560000 2.31134960015555
129 2560001 2580000 2.31134960015555
130 2580001 2600000 2.31134960015555
131 2600001 2620000 2.31134960015555
132 2620001 2640000 2.31134960015555
133 2640001 2660000 2.31134960015555
134 2660001 2680000 2.31134960015555
135 2680001 2700000 2.31134960015555
136 2700001 2720000 2.31134960015555
137 2720001 2740000 2.31134960015555
138 2740001 2760000 2.31134960015555
139 2760001 2780000 2.31134960015555
140 2780001 2800000 2.3113496001556
141 2800001 2820000 2.31134960015555
142 2820001 2840000 2.31134960015555
143 2840001 2860000 2.3113496001556
144 2860001 2880000 2.31134960015555
145 2880001 2900000 2.3113496001556
146 2900001 2920000 2.31134960015555
147 2920001 2940000 2.3113496001556
148 2940001 2960000 2.31134960015555
149 2960001 2980000 2.31134960015564
150 2980001 3000000 2.3113496001556
151 3000001 3020000 2.3113496001556
152 3020001 3040000 2.31134960015555
153 3040001 3060000 2.31134960015564
154 3060001 3080000 2.3113496001556
155 3080001 3100000 2.31134960015555
156 3100001 3120000 2.31134960015564
157 3120001 3140000 2.3113496001556
158 3140001 3160000 2.3113496001556
159 3160001 3180000 2.31134960015555
160 3180001 3200000 2.31134960015564
161 3200001 3220000 2.3113496001556
162 3220001 3240000 2.3113496001556
163 3240001 3260000 2.3113496001556
164 3260001 3280000 2.3113496001556
165 3280001 3300000 2.3113496001556
166 3300001 3320000 2.31134960015555
167 3320001 3340000 2.31134960015564
168 3340001 3360000 2.3113496001556
169 3360001 3380000 2.3113496001556
170 3380001 3400000 2.3113496001556
171 3400001 3420000 2.3113496001556
172 3420001 3440000 1.76228150374053
173 3440001 3460000 1.44678674209678
174 3460001 3480000 1.44678674209682
175 3480001 3500000 1.44678674209678
176 3500001 3520000 1.44678674209682
177 3520001 3540000 1.44678674209678
178 3540001 3560000 1.44678674209678
179 3560001 3580000 1.44678674209678
180 3580001 3600000 1.44678674209678
181 3600001 3620000 1.34504201725076
182 3620001 3640000 1.24181114501851
183 3640001 3660000 1.24181114501851
184 3660001 3680000 1.24181114501851
185 3680001 3700000 1.24181114501851
186 3700001 3720000 1.24181114501847
187 3720001 3740000 1.24181114501851
188 3740001 3760000 1.24181114501847
189 3760001 3780000 1.24181114501847
190 3780001 3800000 1.24181114501847
191 3800001 3820000 1.24181114501847
192 3820001 3840000 1.24181114501847
193 3840001 3860000 1.24181114501847
194 3860001 3880000 1.24181114501847
195 3880001 3900000 1.24181114501847
196 3900001 3920000 1.24181114501847
197 3920001 3940000 1.24181114501847
198 3940001 3960000 1.24181114501847
199 3960001 3980000 1.24181114501847
200 3980001 4000000 1.24181114501847
201 4000001 4020000 1.24181114501847
202 4020001 4040000 1.24181114501847
203 4040001 4060000 1.24181114501847
204 4060001 4080000 1.24181114501847
205 4080001 4100000 1.24181114501847
206 4100001 4120000 1.24181114501847
207 4120001 4140000 1.24181114501847
208 4140001 4160000 1.24181114501847
209 4160001 4180000 1.24181114501847
210 4180001 4200000 1.24181114501847
211 4200001 4220000 1.65983137436608
212 4220001 4240000 1.90805170659985
213 4240001 4260000 1.90805170659985
214 4260001 4280000 1.90805170659981
215 4280001 4300000 1.90805170659981
216 4300001 4320000 1.90805170659981
217 4320001 4340000 1.90805170659981
218 4340001 4360000 1.90805170659981
219 4360001 4380000 1.90805170659981
220 4380001 4400000 1.90805170659981
221 4400001 4420000 1.90805170659981
222 4420001 4440000 1.90805170659981
223 4440001 4460000 1.9080517065999
224 4460001 4480000 1.90805170659981
225 4480001 4500000 1.9080517065999
226 4500001 4520000 1.90805170659981
227 4520001 4540000 1.9080517065999
228 4540001 4560000 1.90805170659981
229 4560001 4580000 1.90805170659981
230 4580001 4600000 1.90805170659981
231 4600001 4620000 1.90805170659981
232 4620001 4640000 1.90805170659981
233 4640001 4660000 1.90805170659981
234 4660001 4680000 1.90805170659981
235 4680001 4700000 1.90805170659981
236 4700001 4720000 1.90805170659981
237 4720001 4740000 1.90805170659981
238 4740001 4760000 1.90805170659981
239 4760001 4780000 1.90805170659981
240 4780001 4800000 1.90805170659981
241 4800001 4820000 1.90805170659981
242 4820001 4840000 1.90805170659981
243 4840001 4860000 1.90805170659981
244 4860001 4880000 1.9080517065999
245 4880001 4900000 1.90805170659981
246 4900001 4920000 1.90805170659981
247 4920001 4940000 1.90805170659981
248 4940001 4960000 1.90805170659981
249 4960001 4980000 1.90805170659981
250 4980001 5000000 1.90805170659981
251 5000001 5020000 1.90805170659981
252 5020001 5040000 1.90805170659981
253 5040001 5060000 1.90805170659981
254 5060001 5080000 1.90805170659981
255 5080001 5100000 1.90805170659981
256 5100001 5120000 1.90805170659981
257 5120001 5140000 1.90805170659981
258 5140001 5160000 1.90805170659981
259 5160001 5180000 1.90805170659981
260 5180001 5200000 1.90805170659981
261 5200001 5220000 1.90805170659981
262 5220001 5240000 1.90805170659981
263 5240001 5260000 1.90805170659981
264 5260001 5280000 1.90805170659981
265 5280001 5300000 1.9080517065999
266 5300001 5320000 1.90805170659981
267 5320001 5340000 1.90805170659981
268 5340001 5360000 1.90805170659981
269 5360001 5380000 1.9080517065999
270 5380001 5400000 1.90805170659981
271 5400001 5420000 1.90805170659981
272 5420001 5440000 1.90805170659981
273 5440001 5460000 1.9080517065999
274 5460001 5480000 1.9080517065999
275 5480001 5500000 1.90805170659981
276 5500001 5520000 1.90805170659981
277 5520001 5540000 1.90805170659981
278 5540001 5560000 1.9080517065999
279 5560001 5580000 1.90805170659981
280 5580001 5600000 1.90805170659981
281 5600001 5620000 1.90805170659981
282 5620001 5640000 1.9080517065999
283 5640001 5660000 1.90805170659981
284 5660001 5680000 2.13558777026719
285 5680001 5700000 2.29731549935298
286 5700001 5720000 2.29731549935289
287 5720001 5740000 2.29731549935289
288 5740001 5760000 2.29731549935289
289 5760001 5780000 2.29731549935289
290 5780001 5800000 2.29731549935289
291 5800001 5820000 2.29731549935289
292 5820001 5840000 2.29731549935289
293 5840001 5860000 2.29731549935289
294 5860001 5880000 2.29731549935298
295 5880001 5900000 2.49917391764503
296 5900001 5920000 2.77957168229666
297 5920001 5940000 2.77957168229675
298 5940001 5960000 2.77957168229675
299 5960001 5980000 2.77957168229666
300 5980001 6000000 2.77957168229675
301 6000001 6020000 1.6595743788683
302 6020001 6040000 0.884898524517666
303 6040001 6060000 0.884898524517666
304 6060001 6080000 0.884898524517578
305 6080001 6100000 0.884898524517578
306 6100001 6120000 0.884898524517666
307 6120001 6140000 0.884898524517666
308 6140001 6160000 0.884898524517578
309 6160001 6180000 0.884898524517578
310 6180001 6200000 0.884898524517666
311 6200001 6220000 0.884898524517666
312 6220001 6240000 0.884898524517666
313 6240001 6260000 0.884898524517578
314 6260001 6280000 0.884898524517666
315 6280001 6300000 0.884898524517666
316 6300001 6320000 0.884898524517666
317 6320001 6340000 0.884898524517578
318 6340001 6360000 0.884898524517578
319 6360001 6380000 0.884898524517666
320 6380001 6400000 0.884898524517666
321 6400001 6420000 0.884898524517666
322 6420001 6440000 0.884898524517578
323 6440001 6460000 0.884898524517666
324 6460001 6480000 0.884898524517666
325 6480001 6500000 0.884898524517666
326 6500001 6520000 0.884898524517578
327 6520001 6540000 1.10568475082573
328 6540001 6560000 1.253102638922
329 6560001 6580000 1.253102638922
330 6580001 6600000 1.253102638922
331 6600001 6620000 1.253102638922
332 6620001 6640000 1.253102638922
333 6640001 6660000 1.253102638922
334 6660001 6680000 1.253102638922
335 6680001 6700000 1.253102638922
336 6700001 6720000 1.253102638922
337 6720001 6740000 1.253102638922
338 6740001 6760000 1.253102638922
339 6760001 6780000 1.25310263892208
340 6780001 6800000 1.253102638922
341 6800001 6820000 1.253102638922
342 6820001 6840000 1.253102638922
343 6840001 6860000 1.25310263892208
344 6860001 6880000 1.253102638922
345 6880001 6900000 1.253102638922
346 6900001 6920000 1.253102638922
347 6920001 6940000 1.253102638922
348 6940001 6960000 1.253102638922
349 6960001 6980000 1.253102638922
350 6980001 7000000 1.253102638922
351 7000001 7020000 1.25310263892208
352 7020001 7040000 1.253102638922
353 7040001 7060000 1.253102638922
354 7060001 7080000 1.253102638922
355 7080001 7100000 1.253102638922
356 7100001 7120000 1.253102638922
357 7120001 7140000 2.11035735277689
358 7140001 7160000 2.30039873069868
359 7160001 7180000 2.30039873069868
360 7180001 7200000 2.30039873069859
361 7200001 7220000 2.30039873069859
362 7220001 7240000 2.30039873069859
363 7240001 7260000 2.30039873069868
364 7260001 7280000 2.30039873069868
365 7280001 7300000 2.30039873069868
366 7300001 7320000 2.30039873069859
367 7320001 7340000 2.30039873069859
368 7340001 7360000 2.30039873069859
369 7360001 7380000 2.30039873069868
370 7380001 7400000 2.30039873069868
371 7400001 7420000 2.30039873069868
372 7420001 7440000 2.30039873069859
373 7440001 7460000 2.30039873069859
374 7460001 7480000 2.30039873069859
375 7480001 7500000 2.30039873069868
376 7500001 7520000 2.30039873069868
377 7520001 7540000 2.30039873069868
378 7540001 7560000 2.30039873069859
379 7560001 7580000 2.30039873069859
380 7580001 7600000 2.30039873069859
381 7600001 7620000 2.30039873069868
382 7620001 7640000 2.30039873069868
383 7640001 7660000 2.30039873069868
384 7660001 7680000 2.30039873069859
385 7680001 7700000 2.30039873069859
386 7700001 7720000 5.565434792472
387 7720001 7740000 5.97209554802914
388 7740001 7760000 5.97209554802914
389 7760001 7780000 5.97209554802923
390 7780001 7800000 5.97209554802923
391 7800001 7820000 5.97209554802923
392 7820001 7840000 5.97209554802923
393 7840001 7860000 5.97209554802914
394 7860001 7880000 5.97209554802914
395 7880001 7900000 5.97209554802914
396 7900001 7920000 5.97209554802914
397 7920001 7940000 5.97209554802914
398 7940001 7960000 5.97209554802923
399 7960001 7980000 5.97209554802923
400 7980001 8000000 5.97209554802923
401 8000001 8020000 5.97209554802923
402 8020001 8040000 5.97209554802914
403 8040001 8060000 5.97209554802932
404 8060001 8080000 5.97209554802914
405 8080001 8100000 5.97209554802932
406 8100001 8120000 5.97209554802914
407 8120001 8140000 5.97209554802914
408 8140001 8160000 5.97209554802932
409 8160001 8180000 5.97209554802914
410 8180001 8200000 5.97209554802932
411 8200001 8220000 5.97209554802914
412 8220001 8240000 5.97209554802932
413 8240001 8260000 5.97209554802914
414 8260001 8280000 5.97209554802914
415 8280001 8300000 5.97209554802914
416 8300001 8320000 5.97209554802914
417 8320001 8340000 5.97209554802914
418 8340001 8360000 5.97209554802914
419 8360001 8380000 5.97209554802932
420 8380001 8400000 5.97209554802914
421 8400001 8420000 5.97209554802914
422 8420001 8440000 5.97209554802914
423 8440001 8460000 6.05565347335808
424 8460001 8480000 6.4637327791714
425 8480001 8500000 6.4637327791714
426 8500001 8520000 6.46373277917122
427 8520001 8540000 6.4637327791714
428 8540001 8560000 6.4637327791714
429 8560001 8580000 6.4637327791714
430 8580001 8600000 6.46373277917122
431 8600001 8620000 6.4637327791714
432 8620001 8640000 6.04771103254081
433 8640001 8660000 5.23948043796083
434 8660001 8680000 5.23948043796083
435 8680001 8700000 5.23948043796083
436 8700001 8720000 5.23948043796083
437 8720001 8740000 5.23948043796083
438 8740001 8760000 5.23948043796083
439 8760001 8780000 5.23948043796083
440 8780001 8800000 5.23948043796083
441 8800001 8820000 5.23948043796083
442 8820001 8840000 5.23948043796083
443 8840001 8860000 5.23948043796083
444 8860001 8880000 5.23948043796083
445 8880001 8900000 5.23948043796083
446 8900001 8920000 5.23948043796101
447 8920001 8940000 5.23948043796083
448 8940001 8960000 5.23948043796083
449 8960001 8980000 5.23948043796083
450 8980001 9000000 5.23948043796083
451 9000001 9020000 5.23948043796083
452 9020001 9040000 5.23948043796101
453 9040001 9060000 5.23948043796083
454 9060001 9080000 5.23948043796083
455 9080001 9100000 5.23948043796101
456 9100001 9120000 5.23948043796083
457 9120001 9140000 5.36682448373284
458 9140001 9160000 5.99474543540893
459 9160001 9180000 5.99474543540876
460 9180001 9200000 5.99474543540893
461 9200001 9220000 5.99474543540893
462 9220001 9240000 5.99474543540876
463 9240001 9260000 5.99474543540893
464 9260001 9280000 5.99474543540876
465 9280001 9300000 5.99474543540893
466 9300001 9320000 5.99474543540876
467 9320001 9340000 5.99474543540876
468 9340001 9360000 5.99474543540893
469 9360001 9380000 5.99474543540876
470 9380001 9400000 5.99474543540893
471 9400001 9420000 5.99474543540876
472 9420001 9440000 5.99474543540893
473 9440001 9460000 5.99474543540893
474 9460001 9480000 5.99474543540876
475 9480001 9500000 5.99474543540893
476 9500001 9520000 5.99474543540876
477 9520001 9540000 5.99474543540893
478 9540001 9560000 5.99474543540893
479 9560001 9580000 5.99474543540876
480 9580001 9600000 5.99474543540893
481 9600001 9620000 5.99474543540876
482 9620001 9640000 5.99474543540893
483 9640001 9660000 5.99474543540893
484 9660001 9680000 5.99474543540893
485 9680001 9700000 5.99474543540893
486 9700001 9720000 5.99474543540876
487 9720001 9740000 5.99474543540893
488 9740001 9760000 5.99474543540876
489 9760001 9780000 5.99474543540893
490 9780001 9800000 5.99474543540893
491 9800001 9820000 5.99474543540876
492 9820001 9840000 5.99474543540893
493 9840001 9860000 5.99474543540893
494 9860001 9880000 5.99474543540893
495 9880001 9900000 5.99474543540876
496 9900001 9920000 5.99474543540876
497 9920001 9940000 8.16330155535695
498 9940001 9960000 8.75130514066787
499 9960001 9980000 8.75130514066787
500 9980001 10000000 8.75130514066787
501 10000001 10020000 8.75130514066787
502 10020001 10040000 8.75130514066787
503 10040001 10060000 8.75130514066787
504 10060001 10080000 8.75130514066787
505 10080001 10100000 8.75130514066787
506 10100001 10120000 8.75130514066787
507 10120001 10140000 8.75130514066787
508 10140001 10160000 8.75130514066787
509 10160001 10180000 8.75130514066787
510 10180001 10200000 8.75130514066787
511 10200001 10220000 8.75130514066787
512 10220001 10240000 8.75130514066787
513 10240001 10260000 8.75130514066787
514 10260001 10280000 8.75130514066787
515 10280001 10300000 8.75130514066787
516 10300001 10320000 8.75130514066787
517 10320001 10340000 8.75130514066787
518 10340001 10360000 8.77472353304542
519 10360001 10380000 9.08299382987283
520 10380001 10400000 9.08299382987283
521 10400001 10420000 9.08299382987283
522 10420001 10440000 9.08299382987283
523 10440001 10460000 9.08299382987283
524 10460001 10480000 9.08299382987283
525 10480001 10500000 9.08299382987283
526 10500001 10520000 9.08299382987265
527 10520001 10540000 9.08299382987265
528 10540001 10560000 9.08299382987265
529 10560001 10580000 9.08299382987265
530 10580001 10600000 9.08299382987301
531 10600001 10620000 9.08299382987301
532 10620001 10640000 9.08299382987301
533 10640001 10660000 9.08299382987301
534 10660001 10680000 9.08299382987301
535 10680001 10700000 9.08299382987301
536 10700001 10720000 9.08299382987301
537 10720001 10740000 9.08299382987301
538 10740001 10760000 9.08299382987301
539 10760001 10780000 9.08299382987301
540 10780001 10800000 9.08299382987301
541 10800001 10820000 9.08299382987301
542 10820001 10840000 9.08299382987265
543 10840001 10860000 8.93244842760608
544 10860001 10880000 8.83456099713643
545 10880001 10900000 8.83456099713607
546 10900001 10920000 8.83456099713643
547 10920001 10940000 8.83456099713643
548 10940001 10960000 8.83456099713643
549 10960001 10980000 8.83456099713643
550 10980001 11000000 8.83456099713643
551 11000001 11020000 8.83456099713643
552 11020001 11040000 8.83456099713643
553 11040001 11060000 8.83456099713643
554 11060001 11080000 8.83456099713643
555 11080001 11100000 8.83456099713643
556 11100001 11120000 7.56383506038487
557 11120001 11140000 6.82656099641745
558 11140001 11160000 6.82656099641745
559 11160001 11180000 6.82656099641745
560 11180001 11200000 6.82656099641745
561 11200001 11220000 6.82656099641745
562 11220001 11240000 6.82656099641745
563 11240001 11260000 6.82656099641745
564 11260001 11280000 6.82656099641745
565 11280001 11300000 6.82656099641745
566 11300001 11320000 6.82656099641745
567 11320001 11340000 6.82656099641745
568 11340001 11360000 6.8265609964178
569 11360001 11380000 6.8265609964178
570 11380001 11400000 6.8265609964178
571 11400001 11420000 6.8265609964178
572 11420001 11440000 6.82656099641745
573 11440001 11460000 6.82656099641745
574 11460001 11480000 6.82656099641745
575 11480001 11500000 6.82656099641745
576 11500001 11520000 6.82656099641745
577 11520001 11540000 6.82656099641745
578 11540001 11560000 6.82656099641745
579 11560001 11580000 6.82656099641745
580 11580001 11600000 6.82656099641745
581 11600001 11620000 6.82656099641745
582 11620001 11640000 6.82656099641745
583 11640001 11660000 6.8265609964178
584 11660001 11680000 6.8265609964178
585 11680001 11700000 6.82656099641745
586 11700001 11720000 6.8265609964178
587 11720001 11740000 6.82656099641745
588 11740001 11760000 6.0399092875052
589 11760001 11780000 5.45603677596817
590 11780001 11800000 5.45603677596852
591 11800001 11820000 5.45603677596852
592 11820001 11840000 5.45603677596852
593 11840001 11860000 5.45603677596852
594 11860001 11880000 5.45603677596852
595 11880001 11900000 5.45603677596852
596 11900001 11920000 5.45603677596817
597 11920001 11940000 5.45603677596817
598 11940001 11960000 5.45603677596817
599 11960001 11980000 5.45603677596852
600 11980001 12000000 5.45603677596852
601 12000001 12020000 5.45603677596852
602 12020001 12040000 5.45603677596852
603 12040001 12060000 5.45603677596852
604 12060001 12080000 5.45603677596817
605 12080001 12100000 5.45603677596817
606 12100001 12120000 5.45603677596817
607 12120001 12140000 5.45603677596852
608 12140001 12160000 5.45603677596852
609 12160001 12180000 5.45603677596852
610 12180001 12200000 5.45603677596852
611 12200001 12220000 5.45603677596852
612 12220001 12240000 5.45603677596852
613 12240001 12260000 5.45603677596817
614 12260001 12280000 4.83765952803576
615 12280001 12300000 1.71754627373193
616 12300001 12320000 1.71754627373193
617 12320001 12340000 1.71754627373158
618 12340001 12360000 1.71754627373158
619 12360001 12380000 1.71754627373158
620 12380001 12400000 1.71754627373193
621 12400001 12420000 1.71754627373193
622 12420001 12440000 1.71754627373193
623 12440001 12460000 1.71754627373158
624 12460001 12480000 1.71754627373158
625 12480001 12500000 1.71754627373158
626 12500001 12520000 1.71754627373193
627 12520001 12540000 1.71754627373193
628 12540001 12560000 1.71754627373193
629 12560001 12580000 1.71754627373158
630 12580001 12600000 1.71754627373158
631 12600001 12620000 1.71754627373158
632 12620001 12640000 1.71754627373193
633 12640001 12660000 1.71754627373193
634 12660001 12680000 1.71754627373193
635 12680001 12700000 1.71754627373158
636 12700001 12720000 1.71754627373158
637 12720001 12740000 1.71754627373158
638 12740001 12760000 1.71754627373193
639 12760001 12780000 1.71754627373193
640 12780001 12800000 1.71754627373158
641 12800001 12820000 1.71754627373158
642 12820001 12840000 1.71754627373158
643 12840001 12860000 1.71754627373193
644 12860001 12880000 1.71754627373193
645 12880001 12900000 1.71754627373193
646 12900001 12920000 1.71754627373158
647 12920001 12940000 1.71754627373158
648 12940001 12960000 1.71754627373158
649 12960001 12980000 1.71754627373193
650 12980001 13000000 1.71754627373193
651 13000001 13020000 1.71754627373193
652 13020001 13040000 1.71754627373158
653 13040001 13060000 1.71754627373158
654 13060001 13080000 1.71754627373158
655 13080001 13100000 1.71754627373193
656 13100001 13120000 1.71754627373193
657 13120001 13140000 1.71754627373193
658 13140001 13160000 1.71754627373158
659 13160001 13180000 1.71754627373158
660 13180001 13200000 1.71754627373158
661 13200001 13220000 1.71754627373193
662 13220001 13240000 1.71754627373193
663 13240001 13260000 1.71754627373158
664 13260001 13280000 1.71754627373158
665 13280001 13300000 1.71754627373158
666 13300001 13320000 1.71754627373193
667 13320001 13340000 1.71754627373193
668 13340001 13360000 1.71754627373193
669 13360001 13380000 1.71754627373158
670 13380001 13400000 1.71754627373158
671 13400001 13420000 1.71754627373158
672 13420001 13440000 1.71754627373193
673 13440001 13460000 1.71754627373193
674 13460001 13480000 1.71754627373193
675 13480001 13500000 1.78543846359459
676 13500001 13520000 2.01387449395694
677 13520001 13540000 2.01387449395694
678 13540001 13560000 2.01387449395694
679 13560001 13580000 2.0138744939573
680 13580001 13600000 2.01387449395694
681 13600001 13620000 2.0138744939573
682 13620001 13640000 2.01387449395694
683 13640001 13660000 2.0138744939573
684 13660001 13680000 2.01387449395694
685 13680001 13700000 2.01387449395694
686 13700001 13720000 2.01387449395694
687 13720001 13740000 2.01387449395694
688 13740001 13760000 2.0138744939573
689 13760001 13780000 2.01387449395694
690 13780001 13800000 2.0138744939573
691 13800001 13820000 2.01387449395694
692 13820001 13840000 2.0138744939573
693 13840001 13860000 2.01387449395694
694 13860001 13880000 2.01387449395694
695 13880001 13900000 2.0138744939573
696 13900001 13920000 2.01387449395694
697 13920001 13940000 2.0138744939573
698 13940001 13960000 2.01387449395694
699 13960001 13980000 2.0138744939573
700 13980001 14000000 2.01387449395694
701 14000001 14020000 2.0138744939573
702 14020001 14040000 2.01387449395694
703 14040001 14060000 2.01387449395694
704 14060001 14080000 2.01387449395694
705 14080001 14100000 2.01387449395694
706 14100001 14120000 2.0138744939573
707 14120001 14140000 2.01387449395694
708 14140001 14160000 2.0138744939573
709 14160001 14180000 2.01387449395694
710 14180001 14200000 2.0138744939573
711 14200001 14220000 2.01387449395694
712 14220001 14240000 2.01387449395694
713 14240001 14260000 2.0138744939573
714 14260001 14280000 2.01387449395694
715 14280001 14300000 2.0138744939573
716 14300001 14320000 2.01387449395694
717 14320001 14340000 2.0138744939573
718 14340001 14360000 2.01387449395694
719 14360001 14380000 2.0138744939573
720 14380001 14400000 2.01387449395694
721 14400001 14420000 2.01387449395694
722 14420001 14440000 2.0138744939573
723 14440001 14460000 2.01387449395694
724 14460001 14480000 2.0138744939573
725 14480001 14500000 2.01387449395694
726 14500001 14520000 2.0138744939573
727 14520001 14540000 2.01387449395694
728 14540001 14560000 2.0138744939573
729 14560001 14580000 2.01387449395694
730 14580001 14600000 2.01387449395694
731 14600001 14620000 2.0138744939573
732 14620001 14640000 2.01387449395694
733 14640001 14660000 2.0138744939573
734 14660001 14680000 2.01387449395694
735 14680001 14700000 2.0138744939573
736 14700001 14720000 2.01387449395694
737 14720001 14740000 2.0138744939573
738 14740001 14760000 2.01387449395694
739 14760001 14780000 2.01387449395694
740 14780001 14800000 2.0138744939573
741 14800001 14820000 2.01387449395694
742 14820001 14840000 2.0138744939573
743 14840001 14860000 2.01387449395694
744 14860001 14880000 2.0138744939573
745 14880001 14900000 2.01387449395694
746 14900001 14920000 2.0138744939573
747 14920001 14940000 2.0138744939573
748 14940001 14960000 2.01387449395694
749 14960001 14980000 2.0138744939573
750 14980001 15000000 2.01387449395694
751 15000001 15020000 2.0138744939573
752 15020001 15040000 2.01387449395694
753 15040001 15060000 2.0138744939573
754 15060001 15080000 2.01387449395694
755 15080001 15100000 2.0138744939573
756 15100001 15120000 2.0138744939573
757 15120001 15140000 2.01387449395694
758 15140001 15160000 2.0138744939573
759 15160001 15180000 2.01387449395694
760 15180001 15200000 2.0138744939573
761 15200001 15220000 2.01387449395694
762 15220001 15240000 2.0138744939573
763 15240001 15260000 2.01387449395694
764 15260001 15280000 2.01387449395694
765 15280001 15300000 2.0138744939573
766 15300001 15320000 2.01387449395694
767 15320001 15340000 2.0138744939573
768 15340001 15360000 2.01387449395694
769 15360001 15380000 2.0138744939573
770 15380001 15400000 2.01387449395694
771 15400001 15420000 2.0138744939573
772 15420001 15440000 2.01387449395694
773 15440001 15460000 2.01387449395694
774 15460001 15480000 2.0138744939573
775 15480001 15500000 2.01387449395694
776 15500001 15520000 2.0138744939573
777 15520001 15540000 6.06645067721933
778 15540001 15560000 6.56020708435717
779 15560001 15580000 6.56020708435752
780 15580001 15600000 6.56020708435752
781 15600001 15620000 6.56020708435752
782 15620001 15640000 6.56020708435717
783 15640001 15660000 6.56020708435717
784 15660001 15680000 6.56020708435752
785 15680001 15700000 6.56020708435752
786 15700001 15720000 6.56020708435752
787 15720001 15740000 6.56020708435717
788 15740001 15760000 6.56020708435717
789 15760001 15780000 6.56020708435752
790 15780001 15800000 6.56020708435752
791 15800001 15820000 6.56020708435752
792 15820001 15840000 6.56020708435717
793 15840001 15860000 6.56020708435717
794 15860001 15880000 6.56020708435752
795 15880001 15900000 6.56020708435752
796 15900001 15920000 6.407265889335
797 15920001 15940000 6.05093786037282
798 15940001 15960000 6.05093786037282
799 15960001 15980000 6.05093786037282
800 15980001 16000000 6.05093786037282
801 16000001 16020000 6.05093786037282
802 16020001 16040000 6.05093786037282
803 16040001 16060000 6.05093786037282
804 16060001 16080000 6.05093786037282
805 16080001 16100000 6.05093786037282
806 16100001 16120000 6.05093786037282
807 16120001 16140000 6.05093786037282
808 16140001 16160000 6.05093786037282
809 16160001 16180000 6.05093786037282
810 16180001 16200000 6.05093786037282
811 16200001 16220000 6.05093786037282
812 16220001 16240000 6.05093786037282
813 16240001 16260000 6.05093786037282
814 16260001 16280000 6.05093786037282
815 16280001 16300000 6.05093786037282
816 16300001 16320000 6.05093786037282
817 16320001 16340000 6.05093786037282
818 16340001 16360000 6.05093786037282
819 16360001 16380000 6.05093786037282
820 16380001 16400000 6.05093786037282
821 16400001 16420000 6.05093786037282
822 16420001 16440000 6.05093786037282
823 16440001 16460000 6.05093786037282
824 16460001 16480000 6.05093786037282
825 16480001 16500000 6.05093786037282
826 16500001 16520000 6.05093786037282
827 16520001 16540000 6.05093786037282
828 16540001 16560000 6.05093786037282
829 16560001 16580000 6.05093786037282
830 16580001 16600000 6.05093786037282
831 16600001 16620000 6.05093786037282
832 16620001 16640000 5.15104254338502
833 16640001 16660000 4.3532672213352
834 16660001 16680000 4.3532672213352
835 16680001 16700000 4.3532672213352
836 16700001 16720000 4.3532672213352
837 16720001 16740000 4.3532672213352
838 16740001 16760000 4.3532672213352
839 16760001 16780000 4.3532672213352
840 16780001 16800000 4.3532672213352
841 16800001 16820000 4.3532672213352
842 16820001 16840000 4.3532672213352
843 16840001 16860000 4.3532672213352
844 16860001 16880000 4.3532672213352
845 16880001 16900000 4.3532672213352
846 16900001 16920000 4.35326722133484
847 16920001 16940000 4.3532672213352
848 16940001 16960000 4.3532672213352
849 16960001 16980000 4.35326722133484
850 16980001 17000000 4.3532672213352
851 17000001 17020000 4.3532672213352
852 17020001 17040000 4.35326722133484
853 17040001 17060000 4.3532672213352
854 17060001 17080000 4.3532672213352
855 17080001 17100000 4.35326722133484
856 17100001 17120000 4.3532672213352
857 17120001 17140000 4.3532672213352
858 17140001 17160000 4.35326722133484
859 17160001 17180000 4.3532672213352
860 17180001 17200000 4.3532672213352
861 17200001 17220000 4.35326722133484
862 17220001 17240000 4.3532672213352
863 17240001 17260000 4.3532672213352
864 17260001 17280000 4.35326722133484
865 17280001 17300000 4.3532672213352
866 17300001 17320000 4.3532672213352
867 17320001 17340000 4.35326722133484
868 17340001 17360000 4.3532672213352
869 17360001 17380000 4.3532672213352
870 17380001 17400000 4.35326722133484
871 17400001 17420000 4.3532672213352
872 17420001 17440000 4.3532672213352
873 17440001 17460000 4.35326722133484
874 17460001 17480000 4.3532672213352
875 17480001 17500000 4.3532672213352
876 17500001 17520000 4.35326722133484
877 17520001 17540000 4.3532672213352
878 17540001 17560000 4.3532672213352
879 17560001 17580000 4.3532672213352
880 17580001 17600000 4.3532672213352
881 17600001 17620000 4.3532672213352
882 17620001 17640000 4.35326722133484
883 17640001 17660000 4.3532672213352
884 17660001 17680000 4.3532672213352
885 17680001 17700000 4.3532672213352
886 17700001 17720000 4.3532672213352
887 17720001 17740000 4.3532672213352
888 17740001 17760000 4.35326722133484
889 17760001 17780000 4.3532672213352
890 17780001 17800000 4.3532672213352
891 17800001 17820000 4.3532672213352
892 17820001 17840000 4.3532672213352
893 17840001 17860000 4.3532672213352
894 17860001 17880000 4.17685699634976
895 17880001 17900000 1.42787079556309
896 17900001 17920000 1.42787079556273
897 17920001 17940000 1.42787079556273
898 17940001 17960000 1.42787079556309
899 17960001 17980000 1.42787079556309
900 17980001 18000000 1.42787079556309
901 18000001 18020000 2.19115192168824
902 18020001 18040000 3.58941982436133
903 18040001 18060000 3.58941982436169
904 18060001 18080000 3.58941982436169
905 18080001 18100000 3.58941982436169
906 18100001 18120000 3.58941982436169
907 18120001 18140000 3.58941982436133
908 18140001 18160000 3.58941982436133
909 18160001 18180000 3.58941982436204
910 18180001 18200000 3.58941982436204
911 18200001 18220000 3.58941982436204
912 18220001 18240000 3.58941982436133
913 18240001 18260000 3.49893901400291
914 18260001 18280000 1.94738196015505
915 18280001 18300000 1.94738196015434
916 18300001 18320000 1.94738196015505
917 18320001 18340000 1.94738196015505
918 18340001 18360000 1.94738196015505
919 18360001 18380000 1.94738196015505
920 18380001 18400000 1.94738196015434
921 18400001 18420000 1.94738196015505
922 18420001 18440000 1.94738196015434
923 18440001 18460000 1.94738196015505
924 18460001 18480000 1.94738196015434
925 18480001 18500000 1.94738196015505
926 18500001 18520000 1.94738196015434
927 18520001 18540000 3.53077019334726
928 18540001 18560000 6.4441415846379
929 18560001 18580000 6.4441415846379
930 18580001 18600000 6.44414158463861
931 18600001 18620000 6.44414158463861
932 18620001 18640000 6.44414158463861
933 18640001 18660000 6.44414158463861
934 18660001 18680000 6.44414158463861
935 18680001 18700000 6.4441415846379
936 18700001 18720000 6.4441415846379
937 18720001 18740000 6.4441415846379
938 18740001 18760000 6.4441415846379
939 18760001 18780000 5.71407639097413
940 18780001 18800000 4.54648447415229
941 18800001 18820000 4.54648447415229
942 18820001 18840000 4.54648447415158
943 18840001 18860000 4.54648447415158
944 18860001 18880000 4.54648447415158
945 18880001 18900000 4.54648447415158
946 18900001 18920000 4.54648447415158
947 18920001 18940000 4.54648447415229
948 18940001 18960000 4.54648447415229
949 18960001 18980000 4.54648447415158
950 18980001 19000000 4.54648447415158
951 19000001 19020000 4.54648447415158
952 19020001 19040000 4.54648447415158
953 19040001 19060000 4.54648447415158
954 19060001 19080000 4.54648447415229
955 19080001 19100000 4.54648447415229
956 19100001 19120000 4.54648447415158
957 19120001 19140000 4.54648447415158
958 19140001 19160000 4.54648447415158
959 19160001 19180000 4.54648447415158
960 19180001 19200000 4.54648447415158
961 19200001 19220000 4.54648447415229
962 19220001 19240000 1.5305213153119
963 19240001 19260000 1.29878647643217
964 19260001 19280000 1.29878647643217
965 19280001 19300000 1.29878647643288
966 19300001 19320000 1.29878647643288
967 19320001 19340000 1.29878647643288
968 19340001 19360000 1.29878647643288
969 19360001 19380000 1.29878647643217
970 19380001 19400000 1.29878647643217
971 19400001 19420000 1.29878647643217
972 19420001 19440000 1.29878647643288
973 19440001 19460000 1.42742444369724
974 19460001 19480000 2.7764606334266
975 19480001 19500000 2.7764606334266
976 19500001 19520000 2.77646063342589
977 19520001 19540000 2.7764606334266
978 19540001 19560000 2.7764606334266
979 19560001 19580000 2.7764606334266
980 19580001 19600000 2.77646063342589
981 19600001 19620000 2.7764606334266
982 19620001 19640000 2.7764606334266
983 19640001 19660000 2.77646063342589
984 19660001 19680000 2.7764606334266
985 19680001 19700000 2.7764606334266
986 19700001 19720000 2.7764606334266
987 19720001 19740000 2.77646063342589
988 19740001 19760000 2.7764606334266
989 19760001 19780000 2.7764606334266
990 19780001 19800000 2.77646063342589
991 19800001 19820000 2.7764606334266
992 19820001 19840000 2.7764606334266
993 19840001 19860000 2.77646063342589
994 19860001 19880000 2.77646063342589
995 19880001 19900000 2.7764606334266
996 19900001 19920000 2.7764606334266
997 19920001 19940000 2.77646063342589
998 19940001 19960000 2.7764606334266
999 19960001 19980000 2.7764606334266
1000 19980001 20000000 2.52510420894446
1001 20000001 20020000 2.237962815193
1002 20020001 20040000 2.237962815193
1003 20040001 20060000 2.237962815193
1004 20060001 20080000 2.237962815193
1005 20080001 20100000 2.237962815193
1006 20100001 20120000 2.237962815193
1007 20120001 20140000 2.237962815193
1008 20140001 20160000 2.237962815193
1009 20160001 20180000 2.237962815193
1010 20180001 20200000 2.237962815193
1011 20200001 20220000 2.237962815193
1012 20220001 20240000 2.237962815193
1013 20240001 20260000 2.237962815193
1014 20260001 20280000 1.00991846328923
1015 20280001 20300000 0.436212467182536
1016 20300001 20320000 0.436212467182536
1017 20320001 20340000 0.436212467182536
1018 20340001 20360000 0.436212467183246
1019 20360001 20380000 0.436212467182536
1020 20380001 20400000 0.436212467182536
1021 20400001 20420000 0.436212467182536
1022 20420001 20440000 0.436212467182536
1023 20440001 20460000 0.436212467182536
1024 20460001 20480000 0.436212467182536
1025 20480001 20500000 0.436212467183246
1026 20500001 20520000 0.436212467182536
1027 20520001 20540000 0.436212467182536
1028 20540001 20560000 2.05288793902924
1029 20560001 20580000 2.94061934258653
1030 20580001 20600000 2.94061934258653
1031 20600001 20620000 2.94061934258653
1032 20620001 20640000 2.94061934258653
1033 20640001 20660000 2.94061934258653
1034 20660001 20680000 2.94061934258653
1035 20680001 20700000 2.94061934258653
1036 20700001 20720000 2.94061934258653
1037 20720001 20740000 2.94061934258653
1038 20740001 20760000 2.94061934258653
1039 20760001 20780000 2.94061934258653
1040 20780001 20800000 2.94061934258653
1041 20800001 20820000 2.94061934258653
1042 20820001 20840000 2.94061934258653
1043 20840001 20860000 2.94061934258653
1044 20860001 20880000 2.94061934258653
1045 20880001 20900000 2.94061934258653
1046 20900001 20920000 2.94061934258653
1047 20920001 20940000 2.94061934258653
1048 20940001 20960000 2.94061934258653
1049 20960001 20980000 2.94061934258653
1050 20980001 21000000 2.8343849906856
1051 21000001 21020000 1.96335126362527
1052 21020001 21040000 1.96335126362456
1053 21040001 21060000 1.96335126362527
1054 21060001 21080000 1.96335126362456
1055 21080001 21100000 1.96335126362527
1056 21100001 21120000 1.96335126362456
1057 21120001 21140000 1.96335126362527
1058 21140001 21160000 1.96335126362456
1059 21160001 21180000 1.96335126362527
1060 21180001 21200000 1.96335126362527
1061 21200001 21220000 1.96335126362527
1062 21220001 21240000 1.96335126362527
1063 21240001 21260000 1.96335126362527
1064 21260001 21280000 1.96335126362527
1065 21280001 21300000 1.96335126362527
1066 21300001 21320000 1.96335126362527
1067 21320001 21340000 1.96335126362527
1068 21340001 21360000 1.96335126362527
1069 21360001 21380000 1.96335126362456
1070 21380001 21400000 1.93990221970781
1071 21400001 21420000 0.88030870173187
1072 21420001 21440000 0.88030870173187
1073 21440001 21460000 0.88030870173187
1074 21460001 21480000 0.88030870173187
1075 21480001 21500000 0.880308701731159
1076 21500001 21520000 0.88030870173187
1077 21520001 21540000 0.88030870173187
1078 21540001 21560000 0.880308701731159
1079 21560001 21580000 0.88030870173187
1080 21580001 21600000 0.88030870173187
1081 21600001 21620000 0.880308701731159
1082 21620001 21640000 0.88030870173187
1083 21640001 21660000 0.88030870173187
1084 21660001 21680000 0.983413785459739
1085 21680001 21700000 2.2342145254231
1086 21700001 21720000 2.23421452542239
1087 21720001 21740000 2.23421452542239
1088 21740001 21760000 2.2342145254231
1089 21760001 21780000 2.2342145254231
1090 21780001 21800000 2.23421452542239
1091 21800001 21820000 2.23421452542239
1092 21820001 21840000 2.2342145254231
1093 21840001 21860000 2.23421452542239
1094 21860001 21880000 2.23421452542239
1095 21880001 21900000 2.21340815097828
1096 21900001 21920000 1.24583760735311
1097 21920001 21940000 1.24583760735311
1098 21940001 21960000 1.24583760735311
1099 21960001 21980000 1.24583760735382
1100 21980001 22000000 1.24583760735311
1101 22000001 22020000 1.24583760735311
1102 22020001 22040000 1.24583760735311
1103 22040001 22060000 1.24583760735311
1104 22060001 22080000 1.24583760735382
1105 22080001 22100000 1.24583760735382
1106 22100001 22120000 1.24583760735311
1107 22120001 22140000 1.24583760735311
1108 22140001 22160000 1.24583760735311
1109 22160001 22180000 1.24583760735311
1110 22180001 22200000 1.24583760735382
1111 22200001 22220000 1.24583760735382
1112 22220001 22240000 1.24583760735311
1113 22240001 22260000 1.24583760735311
1114 22260001 22280000 1.24583760735311
1115 22280001 22300000 1.24583760735311
1116 22300001 22320000 1.24583760735382
1117 22320001 22340000 1.24583760735382
1118 22340001 22360000 1.24583760735311
1119 22360001 22380000 1.24583760735311
1120 22380001 22400000 1.24583760735311
1121 22400001 22420000 1.24583760735311
1122 22420001 22440000 1.24583760735382
1123 22440001 22460000 1.97344828647603
1124 22460001 22480000 2.32276818548927
1125 22480001 22500000 2.32276818548927
1126 22500001 22520000 2.32276818548927
1127 22520001 22540000 2.32276818548927
1128 22540001 22560000 2.32276818548927
1129 22560001 22580000 2.32276818548927
1130 22580001 22600000 2.32276818548927
1131 22600001 22620000 2.32276818548927
1132 22620001 22640000 2.32276818548998
1133 22640001 22660000 2.32276818548927
1134 22660001 22680000 2.32276818548927
1135 22680001 22700000 2.32276818548998
1136 22700001 22720000 2.32276818548927
1137 22720001 22740000 2.32276818548927
1138 22740001 22760000 2.32276818548998
1139 22760001 22780000 2.32276818548927
1140 22780001 22800000 2.32276818548927
1141 22800001 22820000 1.37787440852773
1142 22820001 22840000 0.892374525247901
1143 22840001 22860000 0.892374525247901
1144 22860001 22880000 0.892374525247901
1145 22880001 22900000 0.892374525247901
1146 22900001 22920000 0.892374525247901
1147 22920001 22940000 0.892374525247901
1148 22940001 22960000 0.892374525247901
1149 22960001 22980000 0.89237452524719
1150 22980001 23000000 0.89237452524719
1151 23000001 23020000 0.89237452524719
1152 23020001 23040000 0.89237452524719
1153 23040001 23060000 0.89237452524719
1154 23060001 23080000 0.89237452524719
1155 23080001 23100000 NA
1156 23100001 23120000 NA
1157 23120001 23140000 NA
1158 23140001 23160000 NA
1159 23160001 23180000 NA
1160 23180001 23200000 NA
1161 23200001 23220000 NA
1162 23220001 23240000 NA
1163 23240001 23260000 NA
1164 23260001 23280000 NA
1165 23280001 23300000 NA
1166 23300001 23320000 NA
1167 23320001 23340000 NA
1168 23340001 23360000 NA
1169 23360001 23380000 NA
1170 23380001 23400000 NA
1171 23400001 23420000 NA
1172 23420001 23440000 NA
