StartPoint EndPoint cM/Mb
1 1 20000 NA
2 20001 40000 NA
3 40001 60000 NA
4 60001 80000 NA
5 80001 100000 NA
6 100001 120000 NA
7 120001 140000 NA
8 140001 160000 NA
9 160001 180000 NA
10 180001 200000 NA
11 200001 220000 NA
12 220001 240000 NA
13 240001 260000 NA
14 260001 280000 NA
15 280001 300000 NA
16 300001 320000 NA
17 320001 340000 NA
18 340001 360000 NA
19 360001 380000 NA
20 380001 400000 NA
21 400001 420000 NA
22 420001 440000 NA
23 440001 460000 NA
24 460001 480000 NA
25 480001 500000 NA
26 500001 520000 2.44297179101469
27 520001 540000 2.44297179101469
28 540001 560000 2.44297179101469
29 560001 580000 2.44297179101469
30 580001 600000 2.44297179101469
31 600001 620000 2.44297179101469
32 620001 640000 2.44297179101469
33 640001 660000 2.44297179101469
34 660001 680000 2.44297179101468
35 680001 700000 2.44297179101468
36 700001 720000 2.44297179101469
37 720001 740000 2.44297179101468
38 740001 760000 2.44297179101468
39 760001 780000 2.44297179101469
40 780001 800000 2.44297179101469
41 800001 820000 2.44297179101468
42 820001 840000 2.44297179101469
43 840001 860000 2.44297179101468
44 860001 880000 2.44297179101468
45 880001 900000 2.44297179101468
46 900001 920000 2.44297179101469
47 920001 940000 2.44297179101469
48 940001 960000 2.44297179101469
49 960001 980000 2.4429717910147
50 980001 1000000 2.44297179101469
51 1000001 1020000 2.44297179101468
52 1020001 1040000 2.44297179101469
53 1040001 1060000 2.44297179101468
54 1060001 1080000 2.44297179101468
55 1080001 1100000 2.44297179101469
56 1100001 1120000 2.44297179101469
57 1120001 1140000 2.44297179101469
58 1140001 1160000 2.44297179101468
59 1160001 1180000 2.44297179101469
60 1180001 1200000 2.44297179101469
61 1200001 1220000 2.44297179101468
62 1220001 1240000 2.44297179101468
63 1240001 1260000 2.44297179101468
64 1260001 1280000 2.44297179101469
65 1280001 1300000 2.44297179101469
66 1300001 1320000 2.44297179101468
67 1320001 1340000 2.44297179101467
68 1340001 1360000 2.44297179101467
69 1360001 1380000 2.44297179101467
70 1380001 1400000 2.44297179101469
71 1400001 1420000 2.44297179101469
72 1420001 1440000 2.44297179101469
73 1440001 1460000 2.44297179101471
74 1460001 1480000 2.44297179101469
75 1480001 1500000 2.44297179101469
76 1500001 1520000 2.44297179101471
77 1520001 1540000 2.44297179101469
78 1540001 1560000 2.44297179101469
79 1560001 1580000 2.44297179101469
80 1580001 1600000 2.44297179101469
81 1600001 1620000 2.44297179101469
82 1620001 1640000 2.44297179101469
83 1640001 1660000 2.44297179101469
84 1660001 1680000 2.44297179101469
85 1680001 1700000 2.44297179101469
86 1700001 1720000 2.44297179101467
87 1720001 1740000 2.44297179101467
88 1740001 1760000 2.44297179101469
89 1760001 1780000 2.44297179101467
90 1780001 1800000 2.25992419517393
91 1800001 1820000 2.12555491169282
92 1820001 1840000 2.12555491169284
93 1840001 1860000 2.12555491169282
94 1860001 1880000 2.12555491169284
95 1880001 1900000 2.12555491169282
96 1900001 1920000 2.12555491169284
97 1920001 1940000 2.12555491169282
98 1940001 1960000 2.12555491169284
99 1960001 1980000 2.12555491169282
100 1980001 2000000 0.735585056444134
101 2000001 2020000 0
102 2020001 2040000 0.93651757897539
103 2040001 2060000 2.98096690465207
104 2060001 2080000 2.98096690465207
105 2080001 2100000 2.98096690465207
106 2100001 2120000 2.98096690465207
107 2120001 2140000 2.98096690465209
108 2140001 2160000 2.98096690465207
109 2160001 2180000 2.98096690465205
110 2180001 2200000 2.98096690465207
111 2200001 2220000 2.98096690465207
112 2220001 2240000 2.98096690465207
113 2240001 2260000 2.98096690465207
114 2260001 2280000 2.98096690465207
115 2280001 2300000 2.98096690465207
116 2300001 2320000 2.98096690465207
117 2320001 2340000 1.62217903063724
118 2340001 2360000 1.25987002122547
119 2360001 2380000 1.25987002122547
120 2380001 2400000 1.25987002122547
121 2400001 2420000 1.25987002122552
122 2420001 2440000 1.25987002122552
123 2440001 2460000 1.25987002122552
124 2460001 2480000 1.25987002122547
125 2480001 2500000 1.25987002122547
126 2500001 2520000 1.25987002122547
127 2520001 2540000 1.25987002122547
128 2540001 2560000 1.25987002122552
129 2560001 2580000 1.25987002122552
130 2580001 2600000 1.25987002122552
131 2600001 2620000 1.25987002122547
132 2620001 2640000 1.25987002122547
133 2640001 2660000 1.25987002122547
134 2660001 2680000 1.25987002122547
135 2680001 2700000 1.25987002122547
136 2700001 2720000 1.25987002122552
137 2720001 2740000 1.25987002122552
138 2740001 2760000 1.25987002122552
139 2760001 2780000 1.25987002122547
140 2780001 2800000 1.25987002122547
141 2800001 2820000 1.25987002122547
142 2820001 2840000 1.25987002122547
143 2840001 2860000 1.25987002122552
144 2860001 2880000 1.25987002122552
145 2880001 2900000 1.25987002122552
146 2900001 2920000 1.38954091345727
147 2920001 2940000 2.79254624684198
148 2940001 2960000 2.79254624684203
149 2960001 2980000 2.79254624684198
150 2980001 3000000 2.79254624684198
151 3000001 3020000 2.79254624684198
152 3020001 3040000 2.27059325565766
153 3040001 3060000 0
154 3060001 3080000 0
155 3080001 3100000 0
156 3100001 3120000 0
157 3120001 3140000 0
158 3140001 3160000 0
159 3160001 3180000 0
160 3180001 3200000 0
161 3200001 3220000 0
162 3220001 3240000 0
163 3240001 3260000 0
164 3260001 3280000 0
165 3280001 3300000 0
166 3300001 3320000 0
167 3320001 3340000 0
168 3340001 3360000 0
169 3360001 3380000 0
170 3380001 3400000 0
171 3400001 3420000 0
172 3420001 3440000 0
173 3440001 3460000 0
174 3460001 3480000 0
175 3480001 3500000 0
176 3500001 3520000 0
177 3520001 3540000 0.606145513690466
178 3540001 3560000 0.629860964787258
179 3560001 3580000 0.629860964787213
180 3580001 3600000 0.629860964787258
181 3600001 3620000 0.629860964787258
182 3620001 3640000 0.629860964787258
183 3640001 3660000 0.629860964787258
184 3660001 3680000 0.629860964787213
185 3680001 3700000 0.629860964787258
186 3700001 3720000 0.629860964787258
187 3720001 3740000 0.629860964787213
188 3740001 3760000 0.629860964787258
189 3760001 3780000 0.629860964787258
190 3780001 3800000 0.629860964787258
191 3800001 3820000 0.629860964787258
192 3820001 3840000 0.629860964787258
193 3840001 3860000 0.629860964787258
194 3860001 3880000 0.629860964787258
195 3880001 3900000 0.629860964787213
196 3900001 3920000 0.629860964787258
197 3920001 3940000 0.629860964787258
198 3940001 3960000 0.629860964787258
199 3960001 3980000 0.629860964787258
200 3980001 4000000 0.629860964787258
201 4000001 4020000 0.629860964787258
202 4020001 4040000 0.629860964787258
203 4040001 4060000 0.629860964787213
204 4060001 4080000 0.629860964787258
205 4080001 4100000 0.629860964787258
206 4100001 4120000 0.629860964787213
207 4120001 4140000 0.629860964787258
208 4140001 4160000 0.629860964787258
209 4160001 4180000 0.629860964787258
210 4180001 4200000 0.629860964787258
211 4200001 4220000 0.629860964787258
212 4220001 4240000 0.629860964787258
213 4240001 4260000 0.629860964787258
214 4260001 4280000 0.629860964787213
215 4280001 4300000 0.629860964787258
216 4300001 4320000 0.629860964787258
217 4320001 4340000 0.629860964787258
218 4340001 4360000 0.629860964787258
219 4360001 4380000 0.629860964787258
220 4380001 4400000 0.629860964787258
221 4400001 4420000 0.629860964787258
222 4420001 4440000 0.629860964787213
223 4440001 4460000 0.629860964787258
224 4460001 4480000 0.629860964787258
225 4480001 4500000 0.629860964787213
226 4500001 4520000 0.629860964787258
227 4520001 4540000 0.629860964787258
228 4540001 4560000 0.629860964787258
229 4560001 4580000 0.629860964787258
230 4580001 4600000 0.629860964787213
231 4600001 4620000 0.629860964787258
232 4620001 4640000 0.629860964787258
233 4640001 4660000 0.629860964787258
234 4660001 4680000 0.629860964787258
235 4680001 4700000 0.629860964787258
236 4700001 4720000 0.629860964787258
237 4720001 4740000 0.629860964787258
238 4740001 4760000 0.629860964787258
239 4760001 4780000 0.629860964787258
240 4780001 4800000 0.629860964787258
241 4800001 4820000 1.42356878003737
242 4820001 4840000 2.53086247343242
243 4840001 4860000 2.53086247343246
244 4860001 4880000 2.53086247343242
245 4880001 4900000 2.53086247343246
246 4900001 4920000 2.53086247343242
247 4920001 4940000 2.53086247343246
248 4940001 4960000 2.53086247343242
249 4960001 4980000 2.53086247343246
250 4980001 5000000 2.53086247343242
251 5000001 5020000 2.53086247343246
252 5020001 5040000 2.53086247343242
253 5040001 5060000 2.53086247343246
254 5060001 5080000 2.53086247343242
255 5080001 5100000 2.53086247343246
256 5100001 5120000 2.53086247343242
257 5120001 5140000 2.53086247343246
258 5140001 5160000 2.53086247343242
259 5160001 5180000 2.53086247343246
260 5180001 5200000 2.53086247343242
261 5200001 5220000 2.53086247343246
262 5220001 5240000 2.53086247343242
263 5240001 5260000 2.53086247343246
264 5260001 5280000 2.53086247343242
265 5280001 5300000 2.53086247343246
266 5300001 5320000 2.53086247343242
267 5320001 5340000 2.53086247343246
268 5340001 5360000 2.53086247343242
269 5360001 5380000 2.53086247343246
270 5380001 5400000 2.53086247343242
271 5400001 5420000 2.53086247343242
272 5420001 5440000 2.53086247343246
273 5440001 5460000 2.53086247343246
274 5460001 5480000 2.53086247343242
275 5480001 5500000 2.53086247343242
276 5500001 5520000 2.53086247343251
277 5520001 5540000 2.53086247343242
278 5540001 5560000 2.53086247343242
279 5560001 5580000 2.53086247343242
280 5580001 5600000 2.53086247343251
281 5600001 5620000 2.53086247343251
282 5620001 5640000 2.6039024133824
283 5640001 5660000 2.65223561502452
284 5660001 5680000 2.65223561502452
285 5680001 5700000 3.99322890417096
286 5700001 5720000 4.16084363604271
287 5720001 5740000 4.16084363604262
288 5740001 5760000 4.16084363604271
289 5760001 5780000 4.16084363604262
290 5780001 5800000 4.16084363604271
291 5800001 5820000 4.16084363604262
292 5820001 5840000 4.16084363604262
293 5840001 5860000 4.16084363604262
294 5860001 5880000 4.16084363604271
295 5880001 5900000 4.16084363604262
296 5900001 5920000 4.16084363604262
297 5920001 5940000 4.16084363604271
298 5940001 5960000 4.16084363604262
299 5960001 5980000 4.16084363604271
300 5980001 6000000 4.16084363604262
301 6000001 6020000 4.16084363604271
302 6020001 6040000 4.16084363604262
303 6040001 6060000 4.82081645532233
304 6060001 6080000 5.02628173274283
305 6080001 6100000 5.02628173274283
306 6100001 6120000 5.02628173274283
307 6120001 6140000 5.02628173274283
308 6140001 6160000 5.02628173274283
309 6160001 6180000 5.02628173274274
310 6180001 6200000 5.02628173274274
311 6200001 6220000 5.02628173274274
312 6220001 6240000 5.02628173274274
313 6240001 6260000 5.02628173274283
314 6260001 6280000 5.02628173274283
315 6280001 6300000 5.02628173274283
316 6300001 6320000 5.02628173274283
317 6320001 6340000 5.02628173274283
318 6340001 6360000 5.02628173274274
319 6360001 6380000 5.02628173274274
320 6380001 6400000 5.02628173274274
321 6400001 6420000 5.02628173274274
322 6420001 6440000 5.02628173274283
323 6440001 6460000 5.02628173274283
324 6460001 6480000 5.02628173274283
325 6480001 6500000 5.02628173274283
326 6500001 6520000 5.02628173274283
327 6520001 6540000 5.02628173274274
328 6540001 6560000 5.02628173274283
329 6560001 6580000 5.02628173274274
330 6580001 6600000 5.02628173274274
331 6600001 6620000 5.02628173274274
332 6620001 6640000 5.02628173274274
333 6640001 6660000 5.02628173274283
334 6660001 6680000 5.02628173274283
335 6680001 6700000 5.02628173274283
336 6700001 6720000 5.02628173274283
337 6720001 6740000 5.02628173274283
338 6740001 6760000 5.02628173274274
339 6760001 6780000 5.02628173274283
340 6780001 6800000 5.02628173274283
341 6800001 6820000 5.02628173274274
342 6820001 6840000 5.02628173274283
343 6840001 6860000 5.02628173274283
344 6860001 6880000 5.02628173274283
345 6880001 6900000 5.02628173274274
346 6900001 6920000 5.02628173274283
347 6920001 6940000 5.02628173274274
348 6940001 6960000 5.02628173274283
349 6960001 6980000 3.14184519025242
350 6980001 7000000 1.08042827098334
351 7000001 7020000 1.08042827098343
352 7020001 7040000 1.08042827098343
353 7040001 7060000 3.89419755905167
354 7060001 7080000 6.15185689319655
355 7080001 7100000 6.15185689319655
356 7100001 7120000 6.15185689319655
357 7120001 7140000 6.15185689319664
358 7140001 7160000 6.15185689319664
359 7160001 7180000 6.15185689319655
360 7180001 7200000 6.15185689319655
361 7200001 7220000 6.15185689319655
362 7220001 7240000 6.15185689319655
363 7240001 7260000 6.15185689319664
364 7260001 7280000 6.15185689319655
365 7280001 7300000 6.15185689319655
366 7300001 7320000 6.15185689319673
367 7320001 7340000 6.15185689319655
368 7340001 7360000 6.15185689319655
369 7360001 7380000 6.15185689319655
370 7380001 7400000 6.15185689319655
371 7400001 7420000 6.15185689319655
372 7420001 7440000 6.15185689319655
373 7440001 7460000 6.15185689319655
374 7460001 7480000 6.15185689319655
375 7480001 7500000 6.15185689319655
376 7500001 7520000 6.15185689319655
377 7520001 7540000 6.15185689319655
378 7540001 7560000 6.15185689319673
379 7560001 7580000 6.15185689319673
380 7580001 7600000 6.15185689319655
381 7600001 7620000 6.15185689319655
382 7620001 7640000 5.79713331867635
383 7640001 7660000 5.02616397557868
384 7660001 7680000 5.02616397557851
385 7680001 7700000 5.02616397557851
386 7700001 7720000 5.02616397557868
387 7720001 7740000 5.02616397557868
388 7740001 7760000 5.02616397557851
389 7760001 7780000 5.02616397557851
390 7780001 7800000 5.02616397557868
391 7800001 7820000 5.02616397557851
392 7820001 7840000 5.02616397557851
393 7840001 7860000 5.02616397557851
394 7860001 7880000 5.02616397557868
395 7880001 7900000 5.02616397557851
396 7900001 7920000 5.02616397557851
397 7920001 7940000 5.02616397557868
398 7940001 7960000 5.02616397557851
399 7960001 7980000 5.02616397557851
400 7980001 8000000 5.02616397557851
401 8000001 8020000 5.02616397557868
402 8020001 8040000 5.02616397557851
403 8040001 8060000 5.02616397557851
404 8060001 8080000 5.02616397557868
405 8080001 8100000 5.02616397557851
406 8100001 8120000 5.02616397557851
407 8120001 8140000 5.02616397557851
408 8140001 8160000 5.02616397557868
409 8160001 8180000 5.02616397557851
410 8180001 8200000 5.02616397557868
411 8200001 8220000 5.02616397557868
412 8220001 8240000 5.02616397557851
413 8240001 8260000 5.02616397557851
414 8260001 8280000 5.02616397557851
415 8280001 8300000 5.02616397557868
416 8300001 8320000 5.02616397557851
417 8320001 8340000 5.02616397557851
418 8340001 8360000 5.02616397557868
419 8360001 8380000 5.02616397557851
420 8380001 8400000 5.02616397557851
421 8400001 8420000 5.02616397557851
422 8420001 8440000 5.02616397557868
423 8440001 8460000 5.02616397557851
424 8460001 8480000 5.02616397557868
425 8480001 8500000 5.02616397557868
426 8500001 8520000 5.02616397557851
427 8520001 8540000 5.02616397557851
428 8540001 8560000 5.02616397557851
429 8560001 8580000 1.49273281407095
430 8580001 8600000 1.29122265427891
431 8600001 8620000 1.29122265427891
432 8620001 8640000 1.29122265427891
433 8640001 8660000 1.29122265427873
434 8660001 8680000 1.29122265427891
435 8680001 8700000 1.29122265427891
436 8700001 8720000 1.29122265427891
437 8720001 8740000 1.29122265427891
438 8740001 8760000 1.29122265427873
439 8760001 8780000 1.29122265427891
440 8780001 8800000 1.59493356239781
441 8800001 8820000 3.25244785656243
442 8820001 8840000 3.25244785656243
443 8840001 8860000 3.25244785656243
444 8860001 8880000 3.25244785656243
445 8880001 8900000 3.25244785656243
446 8900001 8920000 3.25244785656243
447 8920001 8940000 3.25244785656243
448 8940001 8960000 3.25244785656243
449 8960001 8980000 3.25244785656243
450 8980001 9000000 3.25244785656243
451 9000001 9020000 3.25244785656243
452 9020001 9040000 3.25244785656243
453 9040001 9060000 3.25244785656243
454 9060001 9080000 3.25244785656243
455 9080001 9100000 3.25244785656243
456 9100001 9120000 3.25244785656243
457 9120001 9140000 3.25244785656243
458 9140001 9160000 3.25244785656243
459 9160001 9180000 3.25244785656261
460 9180001 9200000 3.25244785656261
461 9200001 9220000 3.25244785656261
462 9220001 9240000 3.25244785656261
463 9240001 9260000 3.25244785656261
464 9260001 9280000 3.25244785656261
465 9280001 9300000 3.25244785656243
466 9300001 9320000 3.25244785656261
467 9320001 9340000 3.25244785656243
468 9340001 9360000 3.25244785656243
469 9360001 9380000 3.25244785656243
470 9380001 9400000 3.25244785656243
471 9400001 9420000 3.25244785656243
472 9420001 9440000 3.25244785656243
473 9440001 9460000 3.25244785656243
474 9460001 9480000 3.25244785656243
475 9480001 9500000 3.25244785656243
476 9500001 9520000 3.25244785656243
477 9520001 9540000 3.25244785656243
478 9540001 9560000 3.25244785656243
479 9560001 9580000 3.25244785656243
480 9580001 9600000 3.25244785656243
481 9600001 9620000 3.25244785656243
482 9620001 9640000 3.25244785656243
483 9640001 9660000 3.25244785656243
484 9660001 9680000 3.25244785656243
485 9680001 9700000 3.25244785656243
486 9700001 9720000 3.25244785656261
487 9720001 9740000 3.25244785656243
488 9740001 9760000 3.25244785656261
489 9760001 9780000 3.25244785656261
490 9780001 9800000 4.44974030700718
491 9800001 9820000 6.47514660709313
492 9820001 9840000 6.47514660709295
493 9840001 9860000 6.47514660709295
494 9860001 9880000 6.47514660709313
495 9880001 9900000 10.34393692577
496 9900001 9920000 11.8767060585887
497 9920001 9940000 11.8767060585885
498 9940001 9960000 11.8767060585885
499 9960001 9980000 11.8767060585885
500 9980001 10000000 11.8767060585885
501 10000001 10020000 9.96852694643115
502 10020001 10040000 9.18243367338422
503 10040001 10060000 9.18243367338405
504 10060001 10080000 9.18243367338422
505 10080001 10100000 9.18243367338422
506 10100001 10120000 9.18243367338422
507 10120001 10140000 9.18243367338422
508 10140001 10160000 9.18243367338422
509 10160001 10180000 9.18243367338422
510 10180001 10200000 9.18243367338422
511 10200001 10220000 9.18243367338422
512 10220001 10240000 9.18243367338422
513 10240001 10260000 9.18243367338422
514 10260001 10280000 9.18243367338422
515 10280001 10300000 9.18243367338422
516 10300001 10320000 9.18243367338405
517 10320001 10340000 9.18243367338422
518 10340001 10360000 9.18243367338422
519 10360001 10380000 5.23820002088191
520 10380001 10400000 3.85481454489605
521 10400001 10420000 3.85481454489605
522 10420001 10440000 3.85481454489605
523 10440001 10460000 3.85481454489605
524 10460001 10480000 3.85481454489605
525 10480001 10500000 3.85481454489605
526 10500001 10520000 3.85481454489605
527 10520001 10540000 3.85481454489605
528 10540001 10560000 3.85481454489605
529 10560001 10580000 3.85481454489605
530 10580001 10600000 3.85481454489605
531 10600001 10620000 3.85481454489605
532 10620001 10640000 3.85481454489605
533 10640001 10660000 3.85481454489605
534 10660001 10680000 3.85481454489605
535 10680001 10700000 3.85481454489605
536 10700001 10720000 3.85481454489605
537 10720001 10740000 3.85481454489605
538 10740001 10760000 3.85481454489605
539 10760001 10780000 3.85481454489605
540 10780001 10800000 3.85481454489605
541 10800001 10820000 3.85481454489605
542 10820001 10840000 3.85481454489605
543 10840001 10860000 3.85481454489605
544 10860001 10880000 3.85481454489605
545 10880001 10900000 3.85481454489605
546 10900001 10920000 3.85481454489605
547 10920001 10940000 3.85481454489605
548 10940001 10960000 3.85481454489605
549 10960001 10980000 3.85481454489605
550 10980001 11000000 3.85481454489605
551 11000001 11020000 3.85481454489605
552 11020001 11040000 3.25521640466308
553 11040001 11060000 2.73234302879331
554 11060001 11080000 2.73234302879331
555 11080001 11100000 2.73234302879331
556 11100001 11120000 2.73234302879331
557 11120001 11140000 2.73234302879331
558 11140001 11160000 2.73234302879331
559 11160001 11180000 2.73234302879331
560 11180001 11200000 3.36476600936708
561 11200001 11220000 4.56669069935143
562 11220001 11240000 4.56669069935107
563 11240001 11260000 4.56669069935107
564 11260001 11280000 4.56669069935107
565 11280001 11300000 4.56669069935107
566 11300001 11320000 4.56669069935107
567 11320001 11340000 4.56669069935107
568 11340001 11360000 4.56669069935143
569 11360001 11380000 4.56669069935107
570 11380001 11400000 4.56669069935107
571 11400001 11420000 4.56669069935107
572 11420001 11440000 4.56669069935143
573 11440001 11460000 4.56669069935107
574 11460001 11480000 4.56669069935107
575 11480001 11500000 4.56669069935107
576 11500001 11520000 4.56669069935107
577 11520001 11540000 4.80771188863398
578 11540001 11560000 6.21800373959505
579 11560001 11580000 6.2180037395947
580 11580001 11600000 6.2180037395947
581 11600001 11620000 6.21800373959505
582 11620001 11640000 6.2180037395947
583 11640001 11660000 6.21800373959505
584 11660001 11680000 6.21800373959505
585 11680001 11700000 6.2180037395947
586 11700001 11720000 6.21800373959505
587 11720001 11740000 6.2180037395947
588 11740001 11760000 6.2180037395947
589 11760001 11780000 6.21800373959505
590 11780001 11800000 6.2180037395947
591 11800001 11820000 6.21800373959505
592 11820001 11840000 6.21800373959505
593 11840001 11860000 6.2180037395947
594 11860001 11880000 6.21800373959505
595 11880001 11900000 6.2180037395947
596 11900001 11920000 6.2180037395947
597 11920001 11940000 6.21800373959505
598 11940001 11960000 6.2180037395947
599 11960001 11980000 6.2180037395947
600 11980001 12000000 6.21800373959505
601 12000001 12020000 6.2180037395947
602 12020001 12040000 6.21800373959505
603 12040001 12060000 6.21800373959505
604 12060001 12080000 6.2180037395947
605 12080001 12100000 6.21800373959505
606 12100001 12120000 6.2180037395947
607 12120001 12140000 6.2180037395947
608 12140001 12160000 6.21800373959505
609 12160001 12180000 6.2180037395947
610 12180001 12200000 6.2180037395947
611 12200001 12220000 6.21800373959505
612 12220001 12240000 6.2180037395947
613 12240001 12260000 6.21800373959505
614 12260001 12280000 6.21800373959505
615 12280001 12300000 6.2180037395947
616 12300001 12320000 6.21800373959505
617 12320001 12340000 6.2180037395947
618 12340001 12360000 6.2180037395947
619 12360001 12380000 6.21800373959505
620 12380001 12400000 6.2180037395947
621 12400001 12420000 6.2180037395947
622 12420001 12440000 6.21800373959505
623 12440001 12460000 6.2180037395947
624 12460001 12480000 6.21800373959505
625 12480001 12500000 6.21800373959505
626 12500001 12520000 6.2180037395947
627 12520001 12540000 4.79143198224741
628 12540001 12560000 4.7466262988939
629 12560001 12580000 4.7466262988939
630 12580001 12600000 4.7466262988939
631 12600001 12620000 4.74662629889425
632 12620001 12640000 4.7466262988939
633 12640001 12660000 4.7466262988939
634 12660001 12680000 4.7466262988939
635 12680001 12700000 4.7466262988939
636 12700001 12720000 4.72550348452523
637 12720001 12740000 4.55487179841139
638 12740001 12760000 4.55487179841174
639 12760001 12780000 4.55487179841139
640 12780001 12800000 4.55487179841174
641 12800001 12820000 4.55487179841139
642 12820001 12840000 4.55487179841174
643 12840001 12860000 4.55487179841139
644 12860001 12880000 4.55487179841174
645 12880001 12900000 4.55487179841139
646 12900001 12920000 4.55487179841174
647 12920001 12940000 4.55487179841139
648 12940001 12960000 4.55487179841174
649 12960001 12980000 4.55487179841139
650 12980001 13000000 4.55487179841174
651 13000001 13020000 3.28785971403399
652 13020001 13040000 2.52189886231831
653 13040001 13060000 2.52189886231831
654 13060001 13080000 2.52189886231831
655 13080001 13100000 2.52189886231831
656 13100001 13120000 2.52189886231831
657 13120001 13140000 2.52189886231831
658 13140001 13160000 2.38571865918723
659 13160001 13180000 1.69685557773182
660 13180001 13200000 1.69685557773147
661 13200001 13220000 1.69685557773147
662 13220001 13240000 1.69685557773182
663 13240001 13260000 1.69685557773182
664 13260001 13280000 1.69685557773182
665 13280001 13300000 1.69685557773182
666 13300001 13320000 1.69685557773182
667 13320001 13340000 1.69685557773182
668 13340001 13360000 1.69685557773182
669 13360001 13380000 1.69685557773147
670 13380001 13400000 1.69685557773147
671 13400001 13420000 1.69685557773182
672 13420001 13440000 1.69685557773182
673 13440001 13460000 1.69685557773182
674 13460001 13480000 1.69685557773182
675 13480001 13500000 1.69685557773182
676 13500001 13520000 1.69685557773182
677 13520001 13540000 1.69685557773182
678 13540001 13560000 1.69685557773182
679 13560001 13580000 1.69685557773147
680 13580001 13600000 1.69685557773147
681 13600001 13620000 1.69685557773182
682 13620001 13640000 1.69685557773182
683 13640001 13660000 1.69685557773182
684 13660001 13680000 1.69685557773182
685 13680001 13700000 1.69685557773182
686 13700001 13720000 1.69685557773182
687 13720001 13740000 1.69685557773182
688 13740001 13760000 1.69685557773147
689 13760001 13780000 1.69685557773182
690 13780001 13800000 1.69685557773182
691 13800001 13820000 1.69685557773182
692 13820001 13840000 1.69685557773182
693 13840001 13860000 1.69685557773182
694 13860001 13880000 1.69685557773182
695 13880001 13900000 1.69685557773182
696 13900001 13920000 1.69685557773182
697 13920001 13940000 1.69685557773147
698 13940001 13960000 1.69685557773147
699 13960001 13980000 1.69685557773182
700 13980001 14000000 1.69685557773182
701 14000001 14020000 1.69685557773182
702 14020001 14040000 1.69685557773182
703 14040001 14060000 1.69685557773182
704 14060001 14080000 1.69685557773182
705 14080001 14100000 1.69685557773182
706 14100001 14120000 1.69685557773147
707 14120001 14140000 1.69685557773182
708 14140001 14160000 1.69685557773182
709 14160001 14180000 1.69685557773182
710 14180001 14200000 1.69685557773182
711 14200001 14220000 1.69685557773182
712 14220001 14240000 1.69685557773182
713 14240001 14260000 1.69685557773182
714 14260001 14280000 1.69685557773182
715 14280001 14300000 1.69685557773147
716 14300001 14320000 1.69685557773147
717 14320001 14340000 1.69685557773182
718 14340001 14360000 1.69685557773182
719 14360001 14380000 1.69685557773182
720 14380001 14400000 1.69685557773182
721 14400001 14420000 1.69685557773182
722 14420001 14440000 1.69685557773182
723 14440001 14460000 1.69685557773182
724 14460001 14480000 1.69685557773147
725 14480001 14500000 1.69685557773147
726 14500001 14520000 1.69685557773182
727 14520001 14540000 1.69685557773182
728 14540001 14560000 1.69685557773182
729 14560001 14580000 1.69685557773182
730 14580001 14600000 1.69685557773182
731 14600001 14620000 1.69685557773182
732 14620001 14640000 1.69685557773182
733 14640001 14660000 1.69685557773147
734 14660001 14680000 1.69685557773147
735 14680001 14700000 1.69685557773182
736 14700001 14720000 1.69685557773182
737 14720001 14740000 1.69685557773182
738 14740001 14760000 1.69685557773182
739 14760001 14780000 1.69685557773182
740 14780001 14800000 1.69685557773182
741 14800001 14820000 1.69685557773182
742 14820001 14840000 1.69685557773147
743 14840001 14860000 2.35088853990977
744 14860001 14880000 2.52444211430879
745 14880001 14900000 2.52444211430879
746 14900001 14920000 2.52444211430879
747 14920001 14940000 2.52444211430879
748 14940001 14960000 2.52444211430879
749 14960001 14980000 2.52444211430879
750 14980001 15000000 2.52444211430879
751 15000001 15020000 2.52444211430879
752 15020001 15040000 2.52444211430879
753 15040001 15060000 2.52444211430879
754 15060001 15080000 2.52444211430879
755 15080001 15100000 2.93854405963194
756 15100001 15120000 6.42351217293418
757 15120001 15140000 6.42351217293418
758 15140001 15160000 6.42351217293418
759 15160001 15180000 6.42351217293418
760 15180001 15200000 6.42351217293454
761 15200001 15220000 6.42351217293418
762 15220001 15240000 6.42351217293418
763 15240001 15260000 6.42351217293418
764 15260001 15280000 6.42351217293418
765 15280001 15300000 6.42351217293454
766 15300001 15320000 6.42351217293418
767 15320001 15340000 6.42351217293418
768 15340001 15360000 6.42351217293418
769 15360001 15380000 6.42351217293418
770 15380001 15400000 6.42351217293418
771 15400001 15420000 6.42351217293454
772 15420001 15440000 6.42351217293418
773 15440001 15460000 4.98198257141067
774 15460001 15480000 4.46965581909701
775 15480001 15500000 4.46965581909666
776 15500001 15520000 4.46965581909666
777 15520001 15540000 4.46965581909666
778 15540001 15560000 4.46965581909666
779 15560001 15580000 4.46965581909666
780 15580001 15600000 4.46965581909666
781 15600001 15620000 4.46965581909666
782 15620001 15640000 4.46965581909701
783 15640001 15660000 4.46965581909701
784 15660001 15680000 4.46965581909701
785 15680001 15700000 4.46965581909701
786 15700001 15720000 4.46965581909666
787 15720001 15740000 4.46965581909666
788 15740001 15760000 4.46965581909666
789 15760001 15780000 4.46965581909666
790 15780001 15800000 4.46965581909666
791 15800001 15820000 4.46965581909666
792 15820001 15840000 4.46965581909701
793 15840001 15860000 4.46965581909701
794 15860001 15880000 4.46965581909701
795 15880001 15900000 4.46965581909701
796 15900001 15920000 4.46965581909666
797 15920001 15940000 4.46965581909666
798 15940001 15960000 4.46965581909666
799 15960001 15980000 4.46965581909666
800 15980001 16000000 3.45287140246732
801 16000001 16020000 3.42131475871775
802 16020001 16040000 3.42131475871775
803 16040001 16060000 3.42131475871775
804 16060001 16080000 3.42131475871775
805 16080001 16100000 3.42131475871775
806 16100001 16120000 3.42131475871775
807 16120001 16140000 3.42131475871775
808 16140001 16160000 3.42131475871775
809 16160001 16180000 3.42131475871775
810 16180001 16200000 3.42131475871775
811 16200001 16220000 3.42131475871775
812 16220001 16240000 3.42131475871775
813 16240001 16260000 3.42131475871775
814 16260001 16280000 3.42131475871775
815 16280001 16300000 3.42131475871775
816 16300001 16320000 3.42131475871775
817 16320001 16340000 3.42131475871775
818 16340001 16360000 3.42131475871775
819 16360001 16380000 3.42131475871775
820 16380001 16400000 3.42131475871775
821 16400001 16420000 3.42131475871775
822 16420001 16440000 3.42131475871775
823 16440001 16460000 3.42131475871775
824 16460001 16480000 3.42131475871775
825 16480001 16500000 3.42131475871775
826 16500001 16520000 3.42131475871775
827 16520001 16540000 3.42131475871775
828 16540001 16560000 3.42131475871775
829 16560001 16580000 3.42131475871775
830 16580001 16600000 3.42131475871775
831 16600001 16620000 4.15073863938173
832 16620001 16640000 4.15918770709407
833 16640001 16660000 4.15918770709407
834 16660001 16680000 4.15918770709371
835 16680001 16700000 4.15918770709407
836 16700001 16720000 4.15918770709407
837 16720001 16740000 4.15918770709371
838 16740001 16760000 4.15918770709407
839 16760001 16780000 4.15918770709407
840 16780001 16800000 4.15918770709371
841 16800001 16820000 4.15918770709407
842 16820001 16840000 4.15918770709407
843 16840001 16860000 4.12648372416523
844 16860001 16880000 3.78221539897214
845 16880001 16900000 3.78221539897178
846 16900001 16920000 3.78221539897214
847 16920001 16940000 3.78221539897214
848 16940001 16960000 3.78221539897178
849 16960001 16980000 3.78221539897214
850 16980001 17000000 3.78221539897214
851 17000001 17020000 3.78221539897178
852 17020001 17040000 3.78221539897214
853 17040001 17060000 3.78221539897214
854 17060001 17080000 3.78221539897178
855 17080001 17100000 3.78221539897214
856 17100001 17120000 3.78221539897214
857 17120001 17140000 2.47545372571164
858 17140001 17160000 2.14649362995809
859 17160001 17180000 2.14649362995809
860 17180001 17200000 2.14649362995845
861 17200001 17220000 2.14649362995845
862 17220001 17240000 2.14649362995809
863 17240001 17260000 2.14649362995809
864 17260001 17280000 2.14649362995845
865 17280001 17300000 2.14649362995809
866 17300001 17320000 2.14649362995809
867 17320001 17340000 2.14649362995845
868 17340001 17360000 2.14649362995845
869 17360001 17380000 2.14649362995809
870 17380001 17400000 2.14649362995845
871 17400001 17420000 2.14649362995845
872 17420001 17440000 2.14649362995809
873 17440001 17460000 2.14649362995809
874 17460001 17480000 2.14649362995845
875 17480001 17500000 2.14649362995809
876 17500001 17520000 2.14649362995809
877 17520001 17540000 2.14649362995845
878 17540001 17560000 2.14649362995845
879 17560001 17580000 2.14649362995809
880 17580001 17600000 2.14649362995809
881 17600001 17620000 2.14649362995845
882 17620001 17640000 2.14649362995809
883 17640001 17660000 2.14649362995809
884 17660001 17680000 2.14649362995845
885 17680001 17700000 2.14649362995845
886 17700001 17720000 2.14649362995809
887 17720001 17740000 2.24419677327363
888 17740001 17760000 2.34007052347531
889 17760001 17780000 2.34007052347531
890 17780001 17800000 2.34007052347531
891 17800001 17820000 2.34007052347531
892 17820001 17840000 2.34007052347531
893 17840001 17860000 2.34007052347531
894 17860001 17880000 2.34007052347531
895 17880001 17900000 2.34007052347531
896 17900001 17920000 2.34007052347531
897 17920001 17940000 2.34007052347531
898 17940001 17960000 2.34007052347531
899 17960001 17980000 2.34007052347531
900 17980001 18000000 2.34007052347531
901 18000001 18020000 2.34007052347531
902 18020001 18040000 2.34007052347531
903 18040001 18060000 2.34007052347531
904 18060001 18080000 2.34007052347531
905 18080001 18100000 2.34007052347531
906 18100001 18120000 2.34007052347531
907 18120001 18140000 2.34007052347495
908 18140001 18160000 2.34007052347531
909 18160001 18180000 2.34007052347495
910 18180001 18200000 2.34007052347531
911 18200001 18220000 2.34007052347531
912 18220001 18240000 2.34007052347531
913 18240001 18260000 2.34007052347531
914 18260001 18280000 2.34007052347531
915 18280001 18300000 2.34007052347531
916 18300001 18320000 2.34007052347531
917 18320001 18340000 3.96155196138218
918 18340001 18360000 4.40791947620445
919 18360001 18380000 4.40791947620445
920 18380001 18400000 4.40791947620445
921 18400001 18420000 4.40791947620445
922 18420001 18440000 4.40791947620445
923 18440001 18460000 4.40791947620445
924 18460001 18480000 4.40791947620445
925 18480001 18500000 4.40791947620445
926 18500001 18520000 4.40791947620445
927 18520001 18540000 4.40791947620445
928 18540001 18560000 4.40791947620445
929 18560001 18580000 4.40791947620445
930 18580001 18600000 4.40791947620445
931 18600001 18620000 4.4079194762041
932 18620001 18640000 4.40791947620445
933 18640001 18660000 4.40791947620445
934 18660001 18680000 4.40791947620445
935 18680001 18700000 4.40791947620445
936 18700001 18720000 4.40791947620445
937 18720001 18740000 4.40791947620445
938 18740001 18760000 4.40791947620445
939 18760001 18780000 4.40791947620445
940 18780001 18800000 4.40791947620445
941 18800001 18820000 4.40791947620445
942 18820001 18840000 4.40791947620445
943 18840001 18860000 4.40791947620445
944 18860001 18880000 4.40791947620445
945 18880001 18900000 4.40791947620481
946 18900001 18920000 4.40791947620445
947 18920001 18940000 4.40791947620445
948 18940001 18960000 4.40791947620445
949 18960001 18980000 4.40791947620445
950 18980001 19000000 4.40791947620445
951 19000001 19020000 4.40791947620445
952 19020001 19040000 4.40791947620445
953 19040001 19060000 4.40791947620445
954 19060001 19080000 4.40791947620445
955 19080001 19100000 NA
956 19100001 19120000 NA
957 19120001 19140000 NA
958 19140001 19160000 NA
959 19160001 19180000 NA
960 19180001 19200000 NA
961 19200001 19220000 NA
962 19220001 19240000 NA
963 19240001 19260000 NA
964 19260001 19280000 NA
965 19280001 19300000 NA
966 19300001 19320000 NA
967 19320001 19340000 NA
968 19340001 19360000 NA
969 19360001 19380000 NA
970 19380001 19400000 NA
971 19400001 19420000 NA
972 19420001 19440000 NA
973 19440001 19460000 NA
974 19460001 19480000 NA
975 19480001 19500000 NA
976 19500001 19520000 NA
977 19520001 19540000 NA
978 19540001 19560000 NA
979 19560001 19580000 NA
980 19580001 19600000 NA
981 19600001 19620000 NA
982 19620001 19640000 NA
983 19640001 19660000 NA
984 19660001 19680000 NA
