StartPoint EndPoint cM/Mb
1 1 20000 NA
2 20001 40000 NA
3 40001 60000 NA
4 60001 80000 NA
5 80001 100000 NA
6 100001 120000 NA
7 120001 140000 NA
8 140001 160000 NA
9 160001 180000 NA
10 180001 200000 NA
11 200001 220000 NA
12 220001 240000 6.67391493043783
13 240001 260000 6.67391493043783
14 260001 280000 6.67391493043783
15 280001 300000 6.67391493043783
16 300001 320000 6.67391493043782
17 320001 340000 6.67391493043783
18 340001 360000 6.67391493043783
19 360001 380000 6.67391493043782
20 380001 400000 6.67391493043783
21 400001 420000 6.67391493043784
22 420001 440000 6.67391493043783
23 440001 460000 6.67391493043783
24 460001 480000 6.67391493043783
25 480001 500000 6.67391493043782
26 500001 520000 6.67391493043783
27 520001 540000 6.67391493043785
28 540001 560000 6.67391493043783
29 560001 580000 6.67391493043785
30 580001 600000 6.67391493043781
31 600001 620000 6.67391493043781
32 620001 640000 6.67391493043781
33 640001 660000 6.67391493043781
34 660001 680000 6.67391493043781
35 680001 700000 6.67391493043783
36 700001 720000 6.67391493043781
37 720001 740000 6.67391493043781
38 740001 760000 6.67391493043781
39 760001 780000 6.67391493043781
40 780001 800000 6.67391493043781
41 800001 820000 6.67391493043787
42 820001 840000 6.67391493043781
43 840001 860000 6.67391493043781
44 860001 880000 6.67391493043781
45 880001 900000 6.67391493043781
46 900001 920000 6.67391493043781
47 920001 940000 6.67391493043785
48 940001 960000 4.83058900527254
49 960001 980000 4.04523016308324
50 980001 1000000 4.04523016308328
51 1000001 1020000 4.04523016308328
52 1020001 1040000 4.04523016308324
53 1040001 1060000 4.04523016308324
54 1060001 1080000 4.04523016308324
55 1080001 1100000 4.04523016308328
56 1100001 1120000 4.04523016308328
57 1120001 1140000 4.04523016308324
58 1140001 1160000 4.04523016308324
59 1160001 1180000 4.04523016308324
60 1180001 1200000 4.04523016308328
61 1200001 1220000 4.04523016308324
62 1220001 1240000 4.04523016308324
63 1240001 1260000 4.04523016308324
64 1260001 1280000 4.04523016308324
65 1280001 1300000 4.04523016308328
66 1300001 1320000 4.04523016308328
67 1320001 1340000 4.04523016308328
68 1340001 1360000 4.04523016308328
69 1360001 1380000 4.04523016308328
70 1380001 1400000 4.04523016308328
71 1400001 1420000 4.04523016308324
72 1420001 1440000 4.04523016308324
73 1440001 1460000 4.04523016308324
74 1460001 1480000 4.04523016308324
75 1480001 1500000 4.04523016308328
76 1500001 1520000 7.55334369635033
77 1520001 1540000 14.0493314823201
78 1540001 1560000 14.0493314823201
79 1560001 1580000 14.0493314823201
80 1580001 1600000 14.04933148232
81 1600001 1620000 14.0493314823201
82 1620001 1640000 14.0493314823201
83 1640001 1660000 14.0493314823201
84 1660001 1680000 14.0493314823201
85 1680001 1700000 14.0493314823201
86 1700001 1720000 14.0493314823201
87 1720001 1740000 14.0493314823201
88 1740001 1760000 14.0493314823201
89 1760001 1780000 14.0493314823201
90 1780001 1800000 1.67757405769186
91 1800001 1820000 0
92 1820001 1840000 0
93 1840001 1860000 0
94 1860001 1880000 0
95 1880001 1900000 0
96 1900001 1920000 0
97 1920001 1940000 0
98 1940001 1960000 0
99 1960001 1980000 0
100 1980001 2000000 0
101 2000001 2020000 0
102 2020001 2040000 0
103 2040001 2060000 0
104 2060001 2080000 0
105 2080001 2100000 0
106 2100001 2120000 0.151796998392777
107 2120001 2140000 0.182056262120359
108 2140001 2160000 0.182056262120359
109 2160001 2180000 0.182056262120359
110 2180001 2200000 0.18205626212027
111 2200001 2220000 0.18205626212027
112 2220001 2240000 0.18205626212027
113 2240001 2260000 0.18205626212027
114 2260001 2280000 0.18205626212027
115 2280001 2300000 0.18205626212027
116 2300001 2320000 0.18205626212027
117 2320001 2340000 0.18205626212027
118 2340001 2360000 0.182056262120359
119 2360001 2380000 0.182056262120359
120 2380001 2400000 0.182056262120359
121 2400001 2420000 0.182056262120359
122 2420001 2440000 0.182056262120359
123 2440001 2460000 0.182056262120359
124 2460001 2480000 0.182056262120359
125 2480001 2500000 0.182056262120359
126 2500001 2520000 0.182056262120359
127 2520001 2540000 0.182056262120359
128 2540001 2560000 0.182056262120359
129 2560001 2580000 0.182056262120359
130 2580001 2600000 0.182056262120359
131 2600001 2620000 0.182056262120359
132 2620001 2640000 0.182056262120359
133 2640001 2660000 0.18205626212027
134 2660001 2680000 0.18205626212027
135 2680001 2700000 0.18205626212027
136 2700001 2720000 0.18205626212027
137 2720001 2740000 0.18205626212027
138 2740001 2760000 0.18205626212027
139 2760001 2780000 1.31295148536102
140 2780001 2800000 5.502398198039
141 2800001 2820000 5.502398198039
142 2820001 2840000 5.50239819803909
143 2840001 2860000 5.502398198039
144 2860001 2880000 5.502398198039
145 2880001 2900000 5.50239819803909
146 2900001 2920000 5.50239819803909
147 2920001 2940000 5.502398198039
148 2940001 2960000 5.502398198039
149 2960001 2980000 5.50239819803909
150 2980001 3000000 5.502398198039
151 3000001 3020000 0.892629247148689
152 3020001 3040000 0.332145870695871
153 3040001 3060000 0.33214587069596
154 3060001 3080000 0.332145870695871
155 3080001 3100000 0.332145870695871
156 3100001 3120000 0.332145870695871
157 3120001 3140000 0.33214587069596
158 3140001 3160000 0.33214587069596
159 3160001 3180000 0.332145870695871
160 3180001 3200000 0.332145870695871
161 3200001 3220000 0.33214587069596
162 3220001 3240000 0.33214587069596
163 3240001 3260000 0.332145870695871
164 3260001 3280000 0.332145870695871
165 3280001 3300000 0.332145870695871
166 3300001 3320000 0.33214587069596
167 3320001 3340000 0.332145870695871
168 3340001 3360000 0.332145870695871
169 3360001 3380000 0.265256793384737
170 3380001 3400000 0.187653036698811
171 3400001 3420000 0.187653036698722
172 3420001 3440000 0.187653036698722
173 3440001 3460000 0.187653036698811
174 3460001 3480000 0.187653036698811
175 3480001 3500000 0.187653036698722
176 3500001 3520000 0.187653036698722
177 3520001 3540000 0.187653036698811
178 3540001 3560000 0.187653036698811
179 3560001 3580000 0.187653036698722
180 3580001 3600000 0.187653036698722
181 3600001 3620000 0.187653036698811
182 3620001 3640000 0.187653036698722
183 3640001 3660000 0.187653036698722
184 3660001 3680000 0.187653036698811
185 3680001 3700000 0.187653036698811
186 3700001 3720000 0.187653036698722
187 3720001 3740000 0.187653036698722
188 3740001 3760000 0.187653036698811
189 3760001 3780000 0.187653036698811
190 3780001 3800000 0.187653036698722
191 3800001 3820000 0.187653036698722
192 3820001 3840000 0.187653036698811
193 3840001 3860000 0.187653036698811
194 3860001 3880000 0.187653036698722
195 3880001 3900000 0.187653036698722
196 3900001 3920000 1.6145667921132
197 3920001 3940000 1.89583262454335
198 3940001 3960000 1.89583262454344
199 3960001 3980000 1.89583262454344
200 3980001 4000000 1.89583262454335
201 4000001 4020000 1.89583262454344
202 4020001 4040000 1.89583262454344
203 4040001 4060000 1.89583262454335
204 4060001 4080000 1.89583262454344
205 4080001 4100000 1.89583262454344
206 4100001 4120000 1.89583262454335
207 4120001 4140000 1.89583262454344
208 4140001 4160000 1.89583262454344
209 4160001 4180000 1.89583262454335
210 4180001 4200000 1.89583262454344
211 4200001 4220000 1.89583262454344
212 4220001 4240000 1.89583262454335
213 4240001 4260000 1.89583262454344
214 4260001 4280000 1.89583262454344
215 4280001 4300000 1.89583262454335
216 4300001 4320000 1.89583262454344
217 4320001 4340000 1.89583262454344
218 4340001 4360000 1.89583262454335
219 4360001 4380000 1.89583262454344
220 4380001 4400000 1.89583262454344
221 4400001 4420000 1.89583262454335
222 4420001 4440000 1.89583262454344
223 4440001 4460000 1.89583262454344
224 4460001 4480000 1.89583262454344
225 4480001 4500000 1.89583262454344
226 4500001 4520000 1.89583262454335
227 4520001 4540000 1.89583262454335
228 4540001 4560000 1.89583262454344
229 4560001 4580000 1.89583262454344
230 4580001 4600000 1.89583262454344
231 4600001 4620000 1.89583262454344
232 4620001 4640000 1.89583262454335
233 4640001 4660000 1.89583262454335
234 4660001 4680000 1.89583262454344
235 4680001 4700000 1.89583262454344
236 4700001 4720000 1.89583262454344
237 4720001 4740000 1.89583262454344
238 4740001 4760000 1.89583262454335
239 4760001 4780000 1.89583262454335
240 4780001 4800000 1.89583262454344
241 4800001 4820000 1.89583262454344
242 4820001 4840000 1.89583262454344
243 4840001 4860000 1.89583262454344
244 4860001 4880000 1.89583262454335
245 4880001 4900000 1.89583262454335
246 4900001 4920000 1.89583262454344
247 4920001 4940000 1.89583262454344
248 4940001 4960000 1.89583262454344
249 4960001 4980000 1.89583262454344
250 4980001 5000000 1.89583262454335
251 5000001 5020000 1.89583262454335
252 5020001 5040000 1.89583262454344
253 5040001 5060000 1.89583262454344
254 5060001 5080000 1.89583262454344
255 5080001 5100000 1.89583262454344
256 5100001 5120000 1.89583262454335
257 5120001 5140000 1.89583262454335
258 5140001 5160000 1.89583262454344
259 5160001 5180000 1.89583262454344
260 5180001 5200000 3.17698369015366
261 5200001 5220000 9.3831909416505
262 5220001 5240000 9.3831909416505
263 5240001 5260000 9.3831909416505
264 5260001 5280000 9.3831909416505
265 5280001 5300000 9.38319094165059
266 5300001 5320000 9.38319094165059
267 5320001 5340000 9.38319094165041
268 5340001 5360000 9.38319094165041
269 5360001 5380000 9.38319094165059
270 5380001 5400000 9.38319094165059
271 5400001 5420000 9.38319094165041
272 5420001 5440000 9.38319094165041
273 5440001 5460000 9.38319094165059
274 5460001 5480000 9.38319094165059
275 5480001 5500000 9.38319094165041
276 5500001 5520000 9.38319094165041
277 5520001 5540000 9.38319094165059
278 5540001 5560000 9.38319094165059
279 5560001 5580000 9.38319094165041
280 5580001 5600000 9.38319094165041
281 5600001 5620000 9.38319094165059
282 5620001 5640000 9.38319094165041
283 5640001 5660000 9.38319094165041
284 5660001 5680000 9.38319094165041
285 5680001 5700000 9.38319094165059
286 5700001 5720000 9.38319094165059
287 5720001 5740000 9.38319094165041
288 5740001 5760000 9.38319094165059
289 5760001 5780000 9.38319094165059
290 5780001 5800000 9.38319094165041
291 5800001 5820000 9.38319094165041
292 5820001 5840000 9.38319094165041
293 5840001 5860000 9.38319094165059
294 5860001 5880000 9.38319094165059
295 5880001 5900000 9.38319094165041
296 5900001 5920000 9.38319094165059
297 5920001 5940000 9.38319094165041
298 5940001 5960000 9.38319094165041
299 5960001 5980000 9.38319094165041
300 5980001 6000000 9.38319094165059
301 6000001 6020000 9.38319094165059
302 6020001 6040000 9.38319094165041
303 6040001 6060000 9.38319094165059
304 6060001 6080000 9.38319094165059
305 6080001 6100000 9.38319094165041
306 6100001 6120000 9.38319094165041
307 6120001 6140000 9.38319094165041
308 6140001 6160000 9.38319094165041
309 6160001 6180000 9.38319094165059
310 6180001 6200000 9.38319094165077
311 6200001 6220000 9.38319094165059
312 6220001 6240000 9.38319094165041
313 6240001 6260000 9.38319094165041
314 6260001 6280000 9.38319094165041
315 6280001 6300000 9.38319094165041
316 6300001 6320000 9.38319094165041
317 6320001 6340000 9.38319094165041
318 6340001 6360000 9.38319094165077
319 6360001 6380000 9.38319094165059
320 6380001 6400000 9.38319094165059
321 6400001 6420000 9.38319094165041
322 6420001 6440000 9.38319094165041
323 6440001 6460000 9.38319094165059
324 6460001 6480000 9.38319094165059
325 6480001 6500000 9.38319094165041
326 6500001 6520000 9.38319094165041
327 6520001 6540000 9.38319094165041
328 6540001 6560000 9.38319094165041
329 6560001 6580000 9.38319094165041
330 6580001 6600000 9.38319094165041
331 6600001 6620000 9.38319094165059
332 6620001 6640000 9.38319094165059
333 6640001 6660000 9.38319094165077
334 6660001 6680000 9.38319094165059
335 6680001 6700000 9.38319094165041
336 6700001 6720000 9.38319094165041
337 6720001 6740000 9.38319094165041
338 6740001 6760000 9.38319094165041
339 6760001 6780000 9.38319094165041
340 6780001 6800000 9.38319094165059
341 6800001 6820000 9.38319094165077
342 6820001 6840000 9.38319094165059
343 6840001 6860000 9.38319094165041
344 6860001 6880000 9.38319094165041
345 6880001 6900000 9.38319094165041
346 6900001 6920000 9.38319094165041
347 6920001 6940000 9.38319094165041
348 6940001 6960000 9.38319094165041
349 6960001 6980000 9.38319094165041
350 6980001 7000000 9.38319094165059
351 7000001 7020000 9.38319094165059
352 7020001 7040000 9.38319094165041
353 7040001 7060000 9.38319094165077
354 7060001 7080000 9.38319094165041
355 7080001 7100000 9.38319094165077
356 7100001 7120000 9.38319094165041
357 7120001 7140000 9.38319094165077
358 7140001 7160000 9.38319094165041
359 7160001 7180000 9.38319094165041
360 7180001 7200000 9.38319094165041
361 7200001 7220000 9.38319094165041
362 7220001 7240000 9.38319094165077
363 7240001 7260000 9.38319094165041
364 7260001 7280000 9.38319094165077
365 7280001 7300000 9.38319094165041
366 7300001 7320000 9.38319094165077
367 7320001 7340000 9.38319094165041
368 7340001 7360000 6.40301759352191
369 7360001 7380000 6.26307332102328
370 7380001 7400000 6.26307332102328
371 7400001 7420000 6.26307332102328
372 7420001 7440000 6.26307332102328
373 7440001 7460000 6.26307332102328
374 7460001 7480000 6.26307332102328
375 7480001 7500000 6.26307332102328
376 7500001 7520000 6.26307332102328
377 7520001 7540000 6.26307332102328
378 7540001 7560000 6.26307332102328
379 7560001 7580000 6.26307332102328
380 7580001 7600000 6.26307332102328
381 7600001 7620000 6.26307332102328
382 7620001 7640000 6.26307332102328
383 7640001 7660000 6.26307332102364
384 7660001 7680000 6.26307332102328
385 7680001 7700000 6.26307332102328
386 7700001 7720000 6.26307332102328
387 7720001 7740000 3.74540807793791
388 7740001 7760000 2.93585550588669
389 7760001 7780000 2.93585550588633
390 7780001 7800000 2.93585550588669
391 7800001 7820000 2.93585550588633
392 7820001 7840000 2.93585550588669
393 7840001 7860000 2.93585550588633
394 7860001 7880000 2.93585550588633
395 7880001 7900000 2.93585550588669
396 7900001 7920000 2.93585550588633
397 7920001 7940000 3.12735351220841
398 7940001 7960000 3.69034105128269
399 7960001 7980000 3.69034105128269
400 7980001 8000000 3.69034105128269
401 8000001 8020000 3.69034105128269
402 8020001 8040000 3.49989795431419
403 8040001 8060000 2.95493431324854
404 8060001 8080000 2.95493431324854
405 8080001 8100000 2.95493431324818
406 8100001 8120000 2.95493431324854
407 8120001 8140000 2.95493431324854
408 8140001 8160000 2.95493431324854
409 8160001 8180000 2.95493431324818
410 8180001 8200000 2.95493431324854
411 8200001 8220000 2.95493431324854
412 8220001 8240000 2.95493431324854
413 8240001 8260000 2.95493431324818
414 8260001 8280000 2.95493431324854
415 8280001 8300000 2.95493431324854
416 8300001 8320000 2.95493431324818
417 8320001 8340000 2.95493431324854
418 8340001 8360000 2.95493431324854
419 8360001 8380000 2.95493431324854
420 8380001 8400000 2.95493431324818
421 8400001 8420000 2.95493431324854
422 8420001 8440000 2.95493431324854
423 8440001 8460000 2.95493431324854
424 8460001 8480000 2.95493431324818
425 8480001 8500000 2.95493431324854
426 8500001 8520000 2.95493431324854
427 8520001 8540000 2.95493431324854
428 8540001 8560000 2.95493431324818
429 8560001 8580000 2.95493431324854
430 8580001 8600000 2.52434863597087
431 8600001 8620000 2.35622173868979
432 8620001 8640000 2.35622173869015
433 8640001 8660000 2.35622173868979
434 8660001 8680000 2.35622173868979
435 8680001 8700000 2.35622173868979
436 8700001 8720000 2.35622173868979
437 8720001 8740000 2.35622173869015
438 8740001 8760000 2.35622173868979
439 8760001 8780000 2.35622173868979
440 8780001 8800000 2.35622173868979
441 8800001 8820000 2.35622173868979
442 8820001 8840000 2.35622173869015
443 8840001 8860000 2.35622173868979
444 8860001 8880000 2.35622173868979
445 8880001 8900000 2.35622173868979
446 8900001 8920000 2.35622173868979
447 8920001 8940000 2.35622173869015
448 8940001 8960000 2.35622173868979
449 8960001 8980000 2.35622173868979
450 8980001 9000000 2.35622173868979
451 9000001 9020000 2.35622173868979
452 9020001 9040000 2.35622173869015
453 9040001 9060000 2.35622173869015
454 9060001 9080000 2.35622173868979
455 9080001 9100000 2.35622173868979
456 9100001 9120000 2.35622173868979
457 9120001 9140000 2.35622173869015
458 9140001 9160000 2.35622173869015
459 9160001 9180000 2.58878867152941
460 9180001 9200000 2.74080137238081
461 9200001 9220000 2.74080137238081
462 9220001 9240000 2.74080137238081
463 9240001 9260000 2.74080137238081
464 9260001 9280000 2.74080137238081
465 9280001 9300000 2.74080137238081
466 9300001 9320000 2.74080137238081
467 9320001 9340000 2.74080137238081
468 9340001 9360000 2.74080137238081
469 9360001 9380000 2.74080137238081
470 9380001 9400000 2.74080137238081
471 9400001 9420000 2.74080137238081
472 9420001 9440000 2.74080137238081
473 9440001 9460000 2.74080137238081
474 9460001 9480000 2.74080137238117
475 9480001 9500000 2.74080137238081
476 9500001 9520000 2.74080137238081
477 9520001 9540000 2.74080137238081
478 9540001 9560000 2.74080137238081
479 9560001 9580000 2.48395397932421
480 9580001 9600000 1.47060082496696
481 9600001 9620000 1.47060082496696
482 9620001 9640000 1.47060082496696
483 9640001 9660000 1.47060082496696
484 9660001 9680000 1.47060082496661
485 9680001 9700000 1.47060082496696
486 9700001 9720000 1.47060082496696
487 9720001 9740000 1.47060082496696
488 9740001 9760000 1.47060082496696
489 9760001 9780000 1.47060082496696
490 9780001 9800000 1.47060082496696
491 9800001 9820000 1.47060082496696
492 9820001 9840000 1.47060082496661
493 9840001 9860000 1.47060082496696
494 9860001 9880000 1.47060082496696
495 9880001 9900000 1.47060082496696
496 9900001 9920000 1.47060082496696
497 9920001 9940000 1.47060082496661
498 9940001 9960000 1.47060082496696
499 9960001 9980000 1.47060082496696
500 9980001 10000000 1.47060082496696
501 10000001 10020000 1.47060082496696
502 10020001 10040000 1.47060082496696
503 10040001 10060000 1.47060082496696
504 10060001 10080000 1.47060082496696
505 10080001 10100000 3.79934103510375
506 10100001 10120000 6.08905336984291
507 10120001 10140000 6.08905336984255
508 10140001 10160000 6.08905336984255
509 10160001 10180000 6.08905336984255
510 10180001 10200000 6.08905336984255
511 10200001 10220000 6.08905336984255
512 10220001 10240000 6.08905336984291
513 10240001 10260000 6.08905336984291
514 10260001 10280000 6.08905336984291
515 10280001 10300000 6.08905336984255
516 10300001 10320000 6.08905336984255
517 10320001 10340000 6.08905336984255
518 10340001 10360000 6.08905336984255
519 10360001 10380000 6.08905336984291
520 10380001 10400000 6.08905336984291
521 10400001 10420000 6.08905336984291
522 10420001 10440000 6.08905336984255
523 10440001 10460000 6.08905336984255
524 10460001 10480000 6.08905336984255
525 10480001 10500000 6.08905336984255
526 10500001 10520000 6.08905336984291
527 10520001 10540000 6.08905336984291
528 10540001 10560000 6.08905336984291
529 10560001 10580000 6.08905336984255
530 10580001 10600000 6.08905336984255
531 10600001 10620000 6.22627957954259
532 10620001 10640000 6.31352473969306
533 10640001 10660000 6.31352473969306
534 10660001 10680000 6.31352473969306
535 10680001 10700000 6.31352473969306
536 10700001 10720000 6.3135247396927
537 10720001 10740000 6.31352473969306
538 10740001 10760000 6.31352473969306
539 10760001 10780000 6.31352473969306
540 10780001 10800000 6.3135247396927
541 10800001 10820000 6.31352473969306
542 10820001 10840000 6.31352473969306
543 10840001 10860000 6.3135247396927
544 10860001 10880000 6.31352473969306
545 10880001 10900000 6.31352473969306
546 10900001 10920000 6.31352473969306
547 10920001 10940000 6.3135247396927
548 10940001 10960000 6.31352473969306
549 10960001 10980000 6.31352473969306
550 10980001 11000000 6.3135247396927
551 11000001 11020000 6.31352473969306
552 11020001 11040000 6.31352473969306
553 11040001 11060000 6.31352473969306
554 11060001 11080000 6.3135247396927
555 11080001 11100000 6.31352473969306
556 11100001 11120000 6.31352473969306
557 11120001 11140000 6.3135247396927
558 11140001 11160000 6.31352473969306
559 11160001 11180000 6.31352473969306
560 11180001 11200000 6.31352473969306
561 11200001 11220000 6.3135247396927
562 11220001 11240000 6.31352473969306
563 11240001 11260000 6.31352473969306
564 11260001 11280000 6.3135247396927
565 11280001 11300000 6.31352473969306
566 11300001 11320000 6.31352473969306
567 11320001 11340000 2.48300966608957
568 11340001 11360000 2.40622743493958
569 11360001 11380000 2.40622743493958
570 11380001 11400000 2.40622743493958
571 11400001 11420000 2.40622743493958
572 11420001 11440000 2.40622743493958
573 11440001 11460000 2.40622743493958
574 11460001 11480000 2.40622743493958
575 11480001 11500000 2.40622743493958
576 11500001 11520000 2.40622743493958
577 11520001 11540000 2.40622743493958
578 11540001 11560000 2.40474387329246
579 11560001 11580000 0.993382226551113
580 11580001 11600000 0.993382226551468
581 11600001 11620000 0.993382226551468
582 11620001 11640000 0.993382226551468
583 11640001 11660000 0.993382226551468
584 11660001 11680000 0.993382226551468
585 11680001 11700000 0.993382226551468
586 11700001 11720000 0.993382226551113
587 11720001 11740000 0.993382226551113
588 11740001 11760000 0.993382226551113
589 11760001 11780000 0.993382226551113
590 11780001 11800000 0.993382226551468
591 11800001 11820000 0.993382226551468
592 11820001 11840000 0.993382226551468
593 11840001 11860000 0.993382226551468
594 11860001 11880000 0.993382226551468
595 11880001 11900000 0.993382226551468
596 11900001 11920000 0.993382226551113
597 11920001 11940000 0.993382226551113
598 11940001 11960000 0.993382226551113
599 11960001 11980000 0.993382226551113
600 11980001 12000000 0.993382226551113
601 12000001 12020000 0.993382226551468
602 12020001 12040000 0.993382226551468
603 12040001 12060000 0.993382226551468
604 12060001 12080000 0.993382226551468
605 12080001 12100000 0.993382226551468
606 12100001 12120000 1.04942317891116
607 12120001 12140000 1.72830878802121
608 12140001 12160000 1.72830878802157
609 12160001 12180000 1.72830878802121
610 12180001 12200000 1.72830878802121
611 12200001 12220000 1.72830878802157
612 12220001 12240000 1.72830878802121
613 12240001 12260000 1.72830878802121
614 12260001 12280000 1.72830878802157
615 12280001 12300000 1.72830878802121
616 12300001 12320000 1.72830878802121
617 12320001 12340000 1.72830878802157
618 12340001 12360000 1.72830878802121
619 12360001 12380000 1.72830878802121
620 12380001 12400000 1.72830878802157
621 12400001 12420000 1.72830878802121
622 12420001 12440000 1.71125677097268
623 12440001 12460000 1.11274328449193
624 12460001 12480000 1.11274328449157
625 12480001 12500000 1.11274328449157
626 12500001 12520000 1.11274328449193
627 12520001 12540000 1.11274328449157
628 12540001 12560000 1.11274328449193
629 12560001 12580000 1.11274328449157
630 12580001 12600000 1.11274328449157
631 12600001 12620000 1.11274328449193
632 12620001 12640000 1.11274328449157
633 12640001 12660000 1.11274328449193
634 12660001 12680000 1.11274328449157
635 12680001 12700000 1.11274328449157
636 12700001 12720000 1.11274328449193
637 12720001 12740000 1.11274328449157
638 12740001 12760000 1.11274328449193
639 12760001 12780000 1.11274328449157
640 12780001 12800000 1.11274328449157
641 12800001 12820000 1.11274328449193
642 12820001 12840000 1.11274328449157
643 12840001 12860000 1.11274328449193
644 12860001 12880000 1.11274328449157
645 12880001 12900000 1.11274328449157
646 12900001 12920000 1.11274328449193
647 12920001 12940000 1.11274328449157
648 12940001 12960000 1.11274328449193
649 12960001 12980000 1.11274328449157
650 12980001 13000000 1.11274328449157
651 13000001 13020000 1.11274328449193
652 13020001 13040000 1.11274328449157
653 13040001 13060000 1.11274328449193
654 13060001 13080000 1.11274328449157
655 13080001 13100000 1.11274328449157
656 13100001 13120000 1.11274328449193
657 13120001 13140000 1.11274328449157
658 13140001 13160000 1.11274328449193
659 13160001 13180000 1.11274328449157
660 13180001 13200000 1.11274328449157
661 13200001 13220000 1.11274328449157
662 13220001 13240000 1.11274328449157
663 13240001 13260000 1.11274328449193
664 13260001 13280000 1.11274328449157
665 13280001 13300000 1.11274328449157
666 13300001 13320000 1.11274328449157
667 13320001 13340000 1.11274328449157
668 13340001 13360000 1.11274328449193
669 13360001 13380000 1.11274328449157
670 13380001 13400000 1.11274328449157
671 13400001 13420000 1.11274328449157
672 13420001 13440000 1.11274328449157
673 13440001 13460000 1.11274328449193
674 13460001 13480000 1.11274328449157
675 13480001 13500000 1.11274328449157
676 13500001 13520000 1.11274328449157
677 13520001 13540000 1.11274328449157
678 13540001 13560000 1.11274328449193
679 13560001 13580000 1.11274328449157
680 13580001 13600000 1.11274328449193
681 13600001 13620000 1.11274328449157
682 13620001 13640000 1.11274328449157
683 13640001 13660000 1.11274328449193
684 13660001 13680000 1.11274328449157
685 13680001 13700000 1.11274328449193
686 13700001 13720000 1.11274328449157
687 13720001 13740000 1.11274328449157
688 13740001 13760000 1.11274328449193
689 13760001 13780000 1.11274328449157
690 13780001 13800000 1.98338072686928
691 13800001 13820000 2.59171026063272
692 13820001 13840000 2.59171026063307
693 13840001 13860000 2.59171026063272
694 13860001 13880000 2.59171026063272
695 13880001 13900000 2.59171026063272
696 13900001 13920000 2.59171026063272
697 13920001 13940000 2.59171026063272
698 13940001 13960000 2.59171026063272
699 13960001 13980000 3.61607931947181
700 13980001 14000000 3.62003858147009
701 14000001 14020000 3.62003858147045
702 14020001 14040000 3.20451542772691
703 14040001 14060000 1.65919678068732
704 14060001 14080000 1.65919678068768
705 14080001 14100000 1.65919678068768
706 14100001 14120000 1.65919678068768
707 14120001 14140000 1.65919678068768
708 14140001 14160000 1.65919678068768
709 14160001 14180000 1.65919678068768
710 14180001 14200000 1.65919678068768
711 14200001 14220000 1.65919678068768
712 14220001 14240000 1.65919678068768
713 14240001 14260000 1.65919678068768
714 14260001 14280000 1.65919678068732
715 14280001 14300000 1.65919678068768
716 14300001 14320000 1.65919678068768
717 14320001 14340000 1.65919678068768
718 14340001 14360000 1.65919678068768
719 14360001 14380000 1.65919678068768
720 14380001 14400000 1.65919678068768
721 14400001 14420000 1.65919678068768
722 14420001 14440000 1.65919678068768
723 14440001 14460000 1.65919678068732
724 14460001 14480000 1.65919678068768
725 14480001 14500000 1.65919678068732
726 14500001 14520000 1.65919678068768
727 14520001 14540000 1.65919678068768
728 14540001 14560000 1.65919678068768
729 14560001 14580000 1.65919678068768
730 14580001 14600000 1.65919678068768
731 14600001 14620000 1.65919678068768
732 14620001 14640000 1.65919678068768
733 14640001 14660000 1.65919678068768
734 14660001 14680000 1.65919678068768
735 14680001 14700000 1.65919678068768
736 14700001 14720000 1.65919678068732
737 14720001 14740000 1.65919678068768
738 14740001 14760000 1.65919678068768
739 14760001 14780000 1.65919678068768
740 14780001 14800000 1.65919678068768
741 14800001 14820000 1.65919678068768
742 14820001 14840000 1.65919678068768
743 14840001 14860000 1.65919678068768
744 14860001 14880000 1.65919678068768
745 14880001 14900000 1.65919678068732
746 14900001 14920000 1.65919678068768
747 14920001 14940000 1.65919678068732
748 14940001 14960000 1.65919678068768
749 14960001 14980000 1.65919678068768
750 14980001 15000000 1.65919678068768
751 15000001 15020000 1.65919678068768
752 15020001 15040000 1.65919678068768
753 15040001 15060000 1.65919678068768
754 15060001 15080000 1.65919678068768
755 15080001 15100000 1.65919678068768
756 15100001 15120000 1.65919678068732
757 15120001 15140000 1.65919678068768
758 15140001 15160000 1.65919678068732
759 15160001 15180000 1.65919678068768
760 15180001 15200000 1.65919678068768
761 15200001 15220000 1.65919678068768
762 15220001 15240000 1.65919678068768
763 15240001 15260000 1.65919678068768
764 15260001 15280000 1.65919678068768
765 15280001 15300000 1.65919678068768
766 15300001 15320000 1.65919678068768
767 15320001 15340000 1.65919678068732
768 15340001 15360000 1.65919678068768
769 15360001 15380000 1.65919678068768
770 15380001 15400000 1.65919678068768
771 15400001 15420000 1.65919678068768
772 15420001 15440000 1.65919678068768
773 15440001 15460000 1.65919678068768
774 15460001 15480000 1.65919678068768
775 15480001 15500000 1.65919678068768
776 15500001 15520000 1.65919678068768
777 15520001 15540000 1.65919678068768
778 15540001 15560000 1.65919678068732
779 15560001 15580000 1.65919678068768
780 15580001 15600000 1.65919678068732
781 15600001 15620000 1.65919678068768
782 15620001 15640000 1.65919678068768
783 15640001 15660000 1.65919678068768
784 15660001 15680000 1.65919678068768
785 15680001 15700000 1.65919678068768
786 15700001 15720000 1.65919678068768
787 15720001 15740000 1.65919678068768
788 15740001 15760000 1.65919678068768
789 15760001 15780000 1.65919678068732
790 15780001 15800000 1.65919678068768
791 15800001 15820000 1.65919678068768
792 15820001 15840000 1.65919678068768
793 15840001 15860000 1.65919678068768
794 15860001 15880000 0.806368969058864
795 15880001 15900000 0.641978232064829
796 15900001 15920000 0.641978232064829
797 15920001 15940000 0.641978232064829
798 15940001 15960000 0.641978232064829
799 15960001 15980000 0.641978232064829
800 15980001 16000000 0.641978232064474
801 16000001 16020000 0.641978232064829
802 16020001 16040000 0.641978232064829
803 16040001 16060000 0.641978232064829
804 16060001 16080000 0.641978232064829
805 16080001 16100000 0.641978232064829
806 16100001 16120000 0.641978232064474
807 16120001 16140000 0.641978232064829
808 16140001 16160000 0.641978232064829
809 16160001 16180000 0.641978232064829
810 16180001 16200000 0.641978232064829
811 16200001 16220000 0.641978232064474
812 16220001 16240000 0.641978232064829
813 16240001 16260000 0.641978232064829
814 16260001 16280000 0.641978232064829
815 16280001 16300000 0.641978232064829
816 16300001 16320000 0.641978232064829
817 16320001 16340000 0.641978232064474
818 16340001 16360000 0.641978232064829
819 16360001 16380000 0.641978232064829
820 16380001 16400000 0.641978232064829
821 16400001 16420000 0.641978232064829
822 16420001 16440000 1.24341530329942
823 16440001 16460000 5.57963832550707
824 16460001 16480000 5.57963832550707
825 16480001 16500000 4.91977046525369
826 16500001 16520000 4.51461553983953
827 16520001 16540000 4.51461553983953
828 16540001 16560000 4.51461553983953
829 16560001 16580000 4.51461553983917
830 16580001 16600000 4.51461553983953
831 16600001 16620000 4.51461553983953
832 16620001 16640000 4.51461553983953
833 16640001 16660000 4.51461553983953
834 16660001 16680000 4.51461553983953
835 16680001 16700000 4.51461553983953
836 16700001 16720000 4.51461553983953
837 16720001 16740000 4.51461553983917
838 16740001 16760000 4.51461553983953
839 16760001 16780000 4.51461553983953
840 16780001 16800000 4.51461553983917
841 16800001 16820000 4.51461553983953
842 16820001 16840000 4.51461553983953
843 16840001 16860000 4.51461553983953
844 16860001 16880000 4.51461553983917
845 16880001 16900000 4.51461553983953
846 16900001 16920000 4.51461553983953
847 16920001 16940000 4.51461553983953
848 16940001 16960000 4.51461553983917
849 16960001 16980000 4.51461553983953
850 16980001 17000000 4.51461553983953
851 17000001 17020000 4.51461553983953
852 17020001 17040000 4.51461553983953
853 17040001 17060000 4.51461553983953
854 17060001 17080000 4.51461553983953
855 17080001 17100000 4.51461553983953
856 17100001 17120000 4.51461553983917
857 17120001 17140000 4.51461553983953
858 17140001 17160000 4.51461553983953
859 17160001 17180000 4.51461553983953
860 17180001 17200000 4.51461553983917
861 17200001 17220000 4.51461553983953
862 17220001 17240000 4.51461553983953
863 17240001 17260000 4.51461553983953
864 17260001 17280000 4.51461553983917
865 17280001 17300000 4.51461553983953
866 17300001 17320000 4.51461553983953
867 17320001 17340000 5.84960644955806
868 17340001 17360000 6.30742263112761
869 17360001 17380000 6.30742263112726
870 17380001 17400000 6.30742263112761
871 17400001 17420000 6.30742263112761
872 17420001 17440000 6.30742263112761
873 17440001 17460000 6.30742263112761
874 17460001 17480000 6.30742263112726
875 17480001 17500000 6.30742263112761
876 17500001 17520000 6.30742263112761
877 17520001 17540000 6.02105601335004
878 17540001 17560000 2.56670023469972
879 17560001 17580000 2.56670023469972
880 17580001 17600000 2.56670023469972
881 17600001 17620000 2.56670023470008
882 17620001 17640000 2.56670023470008
883 17640001 17660000 2.56670023470008
884 17660001 17680000 2.56670023470008
885 17680001 17700000 2.56670023470008
886 17700001 17720000 2.56670023470008
887 17720001 17740000 2.56670023470008
888 17740001 17760000 2.56670023470008
889 17760001 17780000 2.56670023470008
890 17780001 17800000 2.56670023470008
891 17800001 17820000 2.56670023470008
892 17820001 17840000 2.56670023470008
893 17840001 17860000 2.56670023470008
894 17860001 17880000 2.56670023470008
895 17880001 17900000 2.56670023470008
896 17900001 17920000 2.56670023470008
897 17920001 17940000 2.56670023470008
898 17940001 17960000 2.56670023470008
899 17960001 17980000 2.56670023470008
900 17980001 18000000 2.56670023470008
901 18000001 18020000 2.56670023470008
902 18020001 18040000 2.56670023470008
903 18040001 18060000 2.56670023470008
904 18060001 18080000 2.56670023470008
905 18080001 18100000 2.56670023470008
906 18100001 18120000 2.56670023470008
907 18120001 18140000 2.56670023470008
908 18140001 18160000 2.56670023470008
909 18160001 18180000 2.56670023470008
910 18180001 18200000 2.56670023470008
911 18200001 18220000 2.56670023470008
912 18220001 18240000 2.56670023470008
913 18240001 18260000 2.56670023470008
914 18260001 18280000 3.44316700601667
915 18280001 18300000 3.56105347724319
916 18300001 18320000 3.5610534772439
917 18320001 18340000 3.56105347724319
918 18340001 18360000 3.5610534772439
919 18360001 18380000 3.56105347724319
920 18380001 18400000 3.56105347724319
921 18400001 18420000 NA
922 18420001 18440000 NA
923 18440001 18460000 NA
924 18460001 18480000 NA
925 18480001 18500000 NA
926 18500001 18520000 NA
927 18520001 18540000 NA
928 18540001 18560000 NA
929 18560001 18580000 NA
