StartPoint EndPoint cM/Mb
1 1 20000 NA
2 20001 40000 NA
3 40001 60000 NA
4 60001 80000 NA
5 80001 100000 NA
6 100001 120000 NA
7 120001 140000 NA
8 140001 160000 NA
9 160001 180000 NA
10 180001 200000 NA
11 200001 220000 NA
12 220001 240000 NA
13 240001 260000 NA
14 260001 280000 NA
15 280001 300000 NA
16 300001 320000 NA
17 320001 340000 NA
18 340001 360000 NA
19 360001 380000 NA
20 380001 400000 NA
21 400001 420000 NA
22 420001 440000 NA
23 440001 460000 NA
24 460001 480000 NA
25 480001 500000 NA
26 500001 520000 4.5992140893385
27 520001 540000 4.5992140893385
28 540001 560000 4.5992140893385
29 560001 580000 4.5992140893385
30 580001 600000 4.5992140893385
31 600001 620000 4.5992140893385
32 620001 640000 4.5992140893385
33 640001 660000 4.5992140893385
34 660001 680000 4.5992140893385
35 680001 700000 4.5992140893385
36 700001 720000 4.59921408933849
37 720001 740000 4.5992140893385
38 740001 760000 4.5992140893385
39 760001 780000 2.57956597689001
40 780001 800000 0.971828135063024
41 800001 820000 0.971828135063024
42 820001 840000 0.971828135063024
43 840001 860000 0.971828135063024
44 860001 880000 0.971828135063024
45 880001 900000 0.971828135063024
46 900001 920000 0.971828135063024
47 920001 940000 0.971828135063024
48 940001 960000 0.971828135063024
49 960001 980000 0.971828135063024
50 980001 1000000 0.971828135063024
51 1000001 1020000 0.971828135063024
52 1020001 1040000 0.971828135063024
53 1040001 1060000 0.971828135063024
54 1060001 1080000 0.971828135063024
55 1080001 1100000 0.971828135063035
56 1100001 1120000 0.971828135063035
57 1120001 1140000 0.971828135063035
58 1140001 1160000 1.27045510449945
59 1160001 1180000 1.52894014642114
60 1180001 1200000 1.52894014642114
61 1200001 1220000 1.52894014642114
62 1220001 1240000 1.52894014642114
63 1240001 1260000 1.52894014642114
64 1260001 1280000 1.52894014642114
65 1280001 1300000 1.52894014642114
66 1300001 1320000 1.52894014642114
67 1320001 1340000 1.52894014642114
68 1340001 1360000 1.52894014642113
69 1360001 1380000 1.52894014642115
70 1380001 1400000 0.802810164386649
71 1400001 1420000 2.10100147376769
72 1420001 1440000 4.92416834335874
73 1440001 1460000 4.92416834335874
74 1460001 1480000 4.92416834335874
75 1480001 1500000 4.92416834335874
76 1500001 1520000 4.92416834335874
77 1520001 1540000 4.92416834335874
78 1540001 1560000 4.92416834335874
79 1560001 1580000 4.92416834335874
80 1580001 1600000 4.92416834335874
81 1600001 1620000 4.92416834335874
82 1620001 1640000 4.92416834335874
83 1640001 1660000 4.92416834335874
84 1660001 1680000 4.92416834335872
85 1680001 1700000 4.79421452555623
86 1700001 1720000 1.52240603677229
87 1720001 1740000 1.52240603677229
88 1740001 1760000 1.52240603677227
89 1760001 1780000 1.52240603677227
90 1780001 1800000 1.52240603677229
91 1800001 1820000 1.52240603677227
92 1820001 1840000 1.52240603677227
93 1840001 1860000 1.52240603677229
94 1860001 1880000 2.66600071273116
95 1880001 1900000 3.0766533982743
96 1900001 1920000 3.07665339827428
97 1920001 1940000 3.0766533982743
98 1940001 1960000 3.07665339827428
99 1960001 1980000 3.0766533982743
100 1980001 2000000 3.0766533982743
101 2000001 2020000 3.0766533982743
102 2020001 2040000 3.07665339827425
103 2040001 2060000 3.0766533982743
104 2060001 2080000 3.0766533982743
105 2080001 2100000 3.0766533982743
106 2100001 2120000 3.0766533982743
107 2120001 2140000 3.07665339827425
108 2140001 2160000 3.0766533982743
109 2160001 2180000 3.0766533982743
110 2180001 2200000 3.0766533982743
111 2200001 2220000 3.0766533982743
112 2220001 2240000 3.07665339827425
113 2240001 2260000 3.0766533982743
114 2260001 2280000 3.0766533982743
115 2280001 2300000 3.0766533982743
116 2300001 2320000 3.0766533982743
117 2320001 2340000 3.07665339827425
118 2340001 2360000 3.0766533982743
119 2360001 2380000 3.0766533982743
120 2380001 2400000 3.07665339827425
121 2400001 2420000 3.0766533982743
122 2420001 2440000 3.07665339827425
123 2440001 2460000 3.0766533982743
124 2460001 2480000 3.0766533982743
125 2480001 2500000 3.0766533982743
126 2500001 2520000 3.07665339827434
127 2520001 2540000 3.07665339827425
128 2540001 2560000 3.0766533982743
129 2560001 2580000 3.0766533982743
130 2580001 2600000 3.07665339827425
131 2600001 2620000 3.07665339827425
132 2620001 2640000 3.07665339827425
133 2640001 2660000 3.0766533982743
134 2660001 2680000 2.4766460251596
135 2680001 2700000 0.998809683136423
136 2700001 2720000 0.998809683136468
137 2720001 2740000 0.998809683136423
138 2740001 2760000 0.998809683136423
139 2760001 2780000 0.998809683136423
140 2780001 2800000 0.998809683136423
141 2800001 2820000 0.998809683136423
142 2820001 2840000 0.998809683136423
143 2840001 2860000 0.998809683136468
144 2860001 2880000 0.998809683136423
145 2880001 2900000 0.998809683136423
146 2900001 2920000 0.998809683136423
147 2920001 2940000 0.998809683136423
148 2940001 2960000 0.998809683136423
149 2960001 2980000 0.998809683136423
150 2980001 3000000 0.998809683136468
151 3000001 3020000 0.998809683136423
152 3020001 3040000 0.998809683136468
153 3040001 3060000 0.998809683136423
154 3060001 3080000 0.998809683136423
155 3080001 3100000 0.998809683136423
156 3100001 3120000 0.998809683136423
157 3120001 3140000 0.998809683136423
158 3140001 3160000 0.998809683136423
159 3160001 3180000 1.57705884166459
160 3180001 3200000 1.91451202864313
161 3200001 3220000 1.91451202864313
162 3220001 3240000 1.91451202864313
163 3240001 3260000 1.91451202864309
164 3260001 3280000 1.91451202864313
165 3280001 3300000 1.91451202864313
166 3300001 3320000 1.91451202864313
167 3320001 3340000 1.91451202864313
168 3340001 3360000 1.91451202864313
169 3360001 3380000 1.91451202864313
170 3380001 3400000 1.91451202864313
171 3400001 3420000 1.91451202864313
172 3420001 3440000 1.91451202864313
173 3440001 3460000 1.91451202864313
174 3460001 3480000 1.91451202864309
175 3480001 3500000 1.91451202864313
176 3500001 3520000 1.91451202864313
177 3520001 3540000 1.91451202864313
178 3540001 3560000 1.91451202864313
179 3560001 3580000 1.91451202864313
180 3580001 3600000 1.91451202864309
181 3600001 3620000 1.91451202864313
182 3620001 3640000 1.91451202864313
183 3640001 3660000 1.91451202864313
184 3660001 3680000 1.91451202864313
185 3680001 3700000 1.91451202864313
186 3700001 3720000 1.91451202864313
187 3720001 3740000 1.91451202864313
188 3740001 3760000 1.91451202864318
189 3760001 3780000 2.00202861918623
190 3780001 3800000 3.73011814303202
191 3800001 3820000 3.73011814303202
192 3820001 3840000 3.73011814303198
193 3840001 3860000 3.73011814303207
194 3860001 3880000 3.73011814303198
195 3880001 3900000 3.73011814303198
196 3900001 3920000 3.79489772299969
197 3920001 3940000 4.17516342636194
198 3940001 3960000 4.17516342636194
199 3960001 3980000 4.17516342636203
200 3980001 4000000 4.17516342636203
201 4000001 4020000 4.17516342636203
202 4020001 4040000 4.17516342636203
203 4040001 4060000 4.17516342636203
204 4060001 4080000 4.17516342636203
205 4080001 4100000 4.17516342636203
206 4100001 4120000 4.17516342636194
207 4120001 4140000 4.17516342636194
208 4140001 4160000 4.17516342636194
209 4160001 4180000 4.17516342636203
210 4180001 4200000 4.17516342636203
211 4200001 4220000 3.10767469264035
212 4220001 4240000 3.07754351964231
213 4240001 4260000 3.07754351964223
214 4260001 4280000 3.07754351964223
215 4280001 4300000 3.07754351964223
216 4300001 4320000 3.07754351964231
217 4320001 4340000 3.07754351964223
218 4340001 4360000 3.07754351964223
219 4360001 4380000 3.07754351964231
220 4380001 4400000 3.07754351964223
221 4400001 4420000 3.07754351964223
222 4420001 4440000 3.07754351964231
223 4440001 4460000 3.07754351964223
224 4460001 4480000 3.07754351964223
225 4480001 4500000 3.07754351964231
226 4500001 4520000 3.05871561804538
227 4520001 4540000 2.41810533393824
228 4540001 4560000 2.41810533393824
229 4560001 4580000 2.41810533393824
230 4580001 4600000 2.41810533393824
231 4600001 4620000 2.41810533393824
232 4620001 4640000 2.41810533393824
233 4640001 4660000 2.41810533393824
234 4660001 4680000 2.41810533393824
235 4680001 4700000 2.41810533393824
236 4700001 4720000 2.41810533393824
237 4720001 4740000 2.41810533393824
238 4740001 4760000 2.41810533393824
239 4760001 4780000 2.41810533393824
240 4780001 4800000 2.41810533393824
241 4800001 4820000 2.41810533393824
242 4820001 4840000 2.41810533393824
243 4840001 4860000 2.41810533393824
244 4860001 4880000 2.41810533393824
245 4880001 4900000 2.41810533393824
246 4900001 4920000 2.41810533393824
247 4920001 4940000 2.41810533393824
248 4940001 4960000 2.41810533393824
249 4960001 4980000 2.41810533393824
250 4980001 5000000 2.41810533393824
251 5000001 5020000 2.41810533393824
252 5020001 5040000 2.41810533393824
253 5040001 5060000 2.41810533393824
254 5060001 5080000 2.41810533393824
255 5080001 5100000 2.41810533393824
256 5100001 5120000 2.41810533393824
257 5120001 5140000 2.41810533393824
258 5140001 5160000 2.41810533393832
259 5160001 5180000 2.41810533393824
260 5180001 5200000 2.41810533393824
261 5200001 5220000 2.41810533393824
262 5220001 5240000 2.41810533393824
263 5240001 5260000 2.41810533393824
264 5260001 5280000 2.41810533393824
265 5280001 5300000 2.41810533393824
266 5300001 5320000 2.41810533393824
267 5320001 5340000 2.41810533393824
268 5340001 5360000 2.41810533393824
269 5360001 5380000 2.41810533393824
270 5380001 5400000 2.41810533393824
271 5400001 5420000 2.41810533393824
272 5420001 5440000 2.41810533393824
273 5440001 5460000 2.41810533393824
274 5460001 5480000 2.41810533393824
275 5480001 5500000 2.41810533393824
276 5500001 5520000 1.51701725626825
277 5520001 5540000 1.04067963147543
278 5540001 5560000 1.04067963147543
279 5560001 5580000 1.04067963147543
280 5580001 5600000 1.04067963147534
281 5600001 5620000 1.04067963147534
282 5620001 5640000 1.04067963147543
283 5640001 5660000 1.04067963147543
284 5660001 5680000 1.04067963147543
285 5680001 5700000 1.04067963147543
286 5700001 5720000 1.04067963147534
287 5720001 5740000 1.04067963147534
288 5740001 5760000 1.04067963147543
289 5760001 5780000 1.04067963147543
290 5780001 5800000 1.04067963147543
291 5800001 5820000 1.04067963147543
292 5820001 5840000 1.04067963147534
293 5840001 5860000 1.04067963147534
294 5860001 5880000 1.04067963147543
295 5880001 5900000 1.04067963147543
296 5900001 5920000 1.04067963147543
297 5920001 5940000 1.04067963147543
298 5940001 5960000 1.04067963147534
299 5960001 5980000 1.04067963147534
300 5980001 6000000 1.04067963147543
301 6000001 6020000 1.03110485305997
302 6020001 6040000 1.03030773279002
303 6040001 6060000 1.03030773278993
304 6060001 6080000 1.03030773279002
305 6080001 6100000 1.03030773278993
306 6100001 6120000 1.03030773279002
307 6120001 6140000 1.03030773278993
308 6140001 6160000 2.53239652745185
309 6160001 6180000 3.96135210828444
310 6180001 6200000 3.96135210828444
311 6200001 6220000 3.96135210828453
312 6220001 6240000 3.96135210828453
313 6240001 6260000 3.96135210828444
314 6260001 6280000 3.96135210828444
315 6280001 6300000 3.96135210828453
316 6300001 6320000 3.96135210828453
317 6320001 6340000 3.96135210828444
318 6340001 6360000 3.96135210828444
319 6360001 6380000 3.96135210828453
320 6380001 6400000 3.96135210828453
321 6400001 6420000 3.96135210828444
322 6420001 6440000 3.96135210828444
323 6440001 6460000 3.96135210828444
324 6460001 6480000 3.96135210828453
325 6480001 6500000 3.96135210828444
326 6500001 6520000 3.96135210828444
327 6520001 6540000 3.96135210828453
328 6540001 6560000 3.96135210828453
329 6560001 6580000 3.96135210828444
330 6580001 6600000 3.96135210828444
331 6600001 6620000 3.96135210828444
332 6620001 6640000 3.96135210828453
333 6640001 6660000 3.96135210828444
334 6660001 6680000 3.96135210828444
335 6680001 6700000 3.96135210828453
336 6700001 6720000 3.96135210828453
337 6720001 6740000 3.96135210828444
338 6740001 6760000 3.96135210828453
339 6760001 6780000 3.96135210828444
340 6780001 6800000 3.96135210828444
341 6800001 6820000 3.96135210828444
342 6820001 6840000 3.96135210828444
343 6840001 6860000 3.96135210828462
344 6860001 6880000 3.96135210828444
345 6880001 6900000 3.96135210828444
346 6900001 6920000 3.96135210828462
347 6920001 6940000 3.96135210828444
348 6940001 6960000 3.96135210828444
349 6960001 6980000 3.96135210828462
350 6980001 7000000 3.96135210828444
351 7000001 7020000 3.96135210828444
352 7020001 7040000 3.96135210828444
353 7040001 7060000 2.71264256557177
354 7060001 7080000 1.92174559532224
355 7080001 7100000 1.92174559532224
356 7100001 7120000 1.92174559532224
357 7120001 7140000 1.92174559532224
358 7140001 7160000 1.92174559532224
359 7160001 7180000 1.92174559532207
360 7180001 7200000 1.92174559532224
361 7200001 7220000 1.92174559532207
362 7220001 7240000 1.92174559532224
363 7240001 7260000 1.92174559532207
364 7260001 7280000 1.92174559532224
365 7280001 7300000 1.92174559532224
366 7300001 7320000 1.92174559532224
367 7320001 7340000 1.92174559532224
368 7340001 7360000 1.92174559532224
369 7360001 7380000 1.92174559532224
370 7380001 7400000 1.92174559532224
371 7400001 7420000 1.92174559532224
372 7420001 7440000 1.92174559532224
373 7440001 7460000 1.92174559532224
374 7460001 7480000 1.92174559532224
375 7480001 7500000 1.92174559532224
376 7500001 7520000 1.92174559532224
377 7520001 7540000 1.92174559532224
378 7540001 7560000 1.92174559532207
379 7560001 7580000 1.92174559532224
380 7580001 7600000 1.92174559532207
381 7600001 7620000 1.92174559532224
382 7620001 7640000 1.92174559532207
383 7640001 7660000 3.86488605736375
384 7660001 7680000 4.50592341819561
385 7680001 7700000 4.50592341819561
386 7700001 7720000 4.50592341819544
387 7720001 7740000 4.50592341819561
388 7740001 7760000 4.50592341819561
389 7760001 7780000 4.50592341819544
390 7780001 7800000 4.50592341819561
391 7800001 7820000 4.50592341819561
392 7820001 7840000 4.50592341819544
393 7840001 7860000 4.50592341819561
394 7860001 7880000 4.85076633781336
395 7880001 7900000 5.53417950130837
396 7900001 7920000 5.53417950130837
397 7920001 7940000 5.53417950130837
398 7940001 7960000 5.53417950130854
399 7960001 7980000 5.53417950130837
400 7980001 8000000 5.53417950130854
401 8000001 8020000 5.53417950130837
402 8020001 8040000 5.53417950130837
403 8040001 8060000 5.53417950130854
404 8060001 8080000 5.53417950130837
405 8080001 8100000 5.53417950130854
406 8100001 8120000 5.53417950130837
407 8120001 8140000 5.53417950130854
408 8140001 8160000 5.53417950130837
409 8160001 8180000 5.53417950130837
410 8180001 8200000 5.53417950130837
411 8200001 8220000 5.53417950130837
412 8220001 8240000 5.53417950130854
413 8240001 8260000 5.53417950130837
414 8260001 8280000 5.53417950130837
415 8280001 8300000 5.53417950130837
416 8300001 8320000 5.53417950130837
417 8320001 8340000 5.53417950130854
418 8340001 8360000 8.21917819726992
419 8360001 8380000 11.2357391658373
420 8380001 8400000 11.2357391658374
421 8400001 8420000 11.2357391658373
422 8420001 8440000 10.7663937158214
423 8440001 8460000 1.79264092149965
424 8460001 8480000 1.79264092149965
425 8480001 8500000 1.79264092149965
426 8500001 8520000 1.79264092149965
427 8520001 8540000 1.79264092149965
428 8540001 8560000 1.79264092149965
429 8560001 8580000 1.79264092149965
430 8580001 8600000 1.79264092149965
431 8600001 8620000 1.79264092149965
432 8620001 8640000 1.79264092149965
433 8640001 8660000 1.79264092149982
434 8660001 8680000 1.79264092149965
435 8680001 8700000 1.79264092149965
436 8700001 8720000 1.79264092149965
437 8720001 8740000 1.79264092149965
438 8740001 8760000 1.79264092149982
439 8760001 8780000 1.79264092149965
440 8780001 8800000 1.79264092149965
441 8800001 8820000 1.79264092149965
442 8820001 8840000 1.79264092149965
443 8840001 8860000 1.79264092149982
444 8860001 8880000 1.79264092149965
445 8880001 8900000 1.79264092149965
446 8900001 8920000 1.79264092149965
447 8920001 8940000 1.79264092149965
448 8940001 8960000 1.79264092149982
449 8960001 8980000 1.79264092149965
450 8980001 9000000 1.18607053719103
451 9000001 9020000 1.69702695626288
452 9020001 9040000 1.80689144962466
453 9040001 9060000 1.80689144962484
454 9060001 9080000 1.80689144962484
455 9080001 9100000 1.80689144962466
456 9100001 9120000 1.80689144962466
457 9120001 9140000 1.80689144962466
458 9140001 9160000 1.80689144962466
459 9160001 9180000 1.80689144962466
460 9180001 9200000 1.80689144962466
461 9200001 9220000 3.22196317305059
462 9220001 9240000 3.73534251584585
463 9240001 9260000 3.73534251584602
464 9260001 9280000 3.73534251584602
465 9280001 9300000 3.73534251584602
466 9300001 9320000 3.73534251584602
467 9320001 9340000 3.73534251584585
468 9340001 9360000 3.73534251584585
469 9360001 9380000 3.73534251584585
470 9380001 9400000 3.73534251584585
471 9400001 9420000 3.73534251584585
472 9420001 9440000 3.73534251584602
473 9440001 9460000 3.73534251584602
474 9460001 9480000 3.73534251584602
475 9480001 9500000 3.73534251584602
476 9500001 9520000 3.73534251584585
477 9520001 9540000 3.73534251584585
478 9540001 9560000 3.73534251584585
479 9560001 9580000 3.73534251584585
480 9580001 9600000 3.73534251584602
481 9600001 9620000 3.73534251584602
482 9620001 9640000 3.73534251584602
483 9640001 9660000 3.73534251584602
484 9660001 9680000 3.73534251584585
485 9680001 9700000 3.73534251584585
486 9700001 9720000 3.73534251584585
487 9720001 9740000 4.06841755075741
488 9740001 9760000 4.42784356826231
489 9760001 9780000 4.42784356826231
490 9780001 9800000 4.42784356826231
491 9800001 9820000 4.42784356826231
492 9820001 9840000 4.42784356826249
493 9840001 9860000 4.42784356826231
494 9860001 9880000 4.42784356826231
495 9880001 9900000 4.42784356826249
496 9900001 9920000 4.42784356826231
497 9920001 9940000 4.42784356826249
498 9940001 9960000 4.42784356826231
499 9960001 9980000 4.42784356826231
500 9980001 10000000 4.42784356826249
501 10000001 10020000 4.42784356826231
502 10020001 10040000 4.42784356826231
503 10040001 10060000 4.42784356826249
504 10060001 10080000 4.42784356826231
505 10080001 10100000 4.42784356826249
506 10100001 10120000 4.42784356826231
507 10120001 10140000 4.42784356826231
508 10140001 10160000 5.40887196841477
509 10160001 10180000 5.5520463515907
510 10180001 10200000 5.5520463515907
511 10200001 10220000 5.5520463515907
512 10220001 10240000 5.5520463515907
513 10240001 10260000 5.55204635159088
514 10260001 10280000 5.55204635159088
515 10280001 10300000 5.55204635159088
516 10300001 10320000 5.55204635159088
517 10320001 10340000 5.55204635159088
518 10340001 10360000 5.55204635159088
519 10360001 10380000 5.5520463515907
520 10380001 10400000 5.5520463515907
521 10400001 10420000 5.5520463515907
522 10420001 10440000 4.94898045053756
523 10440001 10460000 3.1769547889358
524 10460001 10480000 3.1769547889358
525 10480001 10500000 3.1769547889358
526 10500001 10520000 3.1769547889358
527 10520001 10540000 3.1769547889358
528 10540001 10560000 3.1769547889358
529 10560001 10580000 3.1769547889358
530 10580001 10600000 3.1769547889358
531 10600001 10620000 3.1769547889358
532 10620001 10640000 3.1769547889358
533 10640001 10660000 2.70703047485996
534 10660001 10680000 1.6809318094383
535 10680001 10700000 1.6809318094383
536 10700001 10720000 1.6809318094383
537 10720001 10740000 1.6809318094383
538 10740001 10760000 1.6809318094383
539 10760001 10780000 1.6809318094383
540 10780001 10800000 1.6809318094383
541 10800001 10820000 1.6809318094383
542 10820001 10840000 1.6809318094383
543 10840001 10860000 1.6809318094383
544 10860001 10880000 1.6809318094383
545 10880001 10900000 1.6809318094383
546 10900001 10920000 4.82983229637013
547 10920001 10940000 5.44152304544374
548 10940001 10960000 5.44152304544392
549 10960001 10980000 5.44152304544392
550 10980001 11000000 5.44152304544392
551 11000001 11020000 5.44152304544374
552 11020001 11040000 5.46965819161757
553 11040001 11060000 5.48447859841175
554 11060001 11080000 5.48447859841175
555 11080001 11100000 5.48447859841193
556 11100001 11120000 5.48447859841193
557 11120001 11140000 5.48447859841193
558 11140001 11160000 5.48447859841193
559 11160001 11180000 5.48447859841193
560 11180001 11200000 5.48447859841157
561 11200001 11220000 5.48447859841193
562 11220001 11240000 5.48447859841193
563 11240001 11260000 5.48447859841157
564 11260001 11280000 5.48447859841193
565 11280001 11300000 5.48447859841193
566 11300001 11320000 5.48447859841193
567 11320001 11340000 5.48447859841193
568 11340001 11360000 5.48447859841157
569 11360001 11380000 5.48447859841193
570 11380001 11400000 5.48447859841193
571 11400001 11420000 5.48447859841157
572 11420001 11440000 5.48447859841193
573 11440001 11460000 5.48447859841193
574 11460001 11480000 5.48447859841193
575 11480001 11500000 5.48447859841193
576 11500001 11520000 5.48447859841157
577 11520001 11540000 5.48447859841193
578 11540001 11560000 5.48447859841193
579 11560001 11580000 5.48447859841157
580 11580001 11600000 5.48447859841193
581 11600001 11620000 5.48447859841193
582 11620001 11640000 5.48447859841193
583 11640001 11660000 5.48447859841193
584 11660001 11680000 5.48447859841157
585 11680001 11700000 5.48447859841193
586 11700001 11720000 5.48447859841193
587 11720001 11740000 5.48447859841157
588 11740001 11760000 5.48447859841193
589 11760001 11780000 5.48447859841193
590 11780001 11800000 5.48447859841193
591 11800001 11820000 5.48447859841193
592 11820001 11840000 5.53623921635422
593 11840001 11860000 6.33297089204638
594 11860001 11880000 6.33297089204638
595 11880001 11900000 6.33297089204638
596 11900001 11920000 6.33297089204638
597 11920001 11940000 6.33297089204638
598 11940001 11960000 6.33297089204638
599 11960001 11980000 6.33297089204638
600 11980001 12000000 6.33297089204638
601 12000001 12020000 6.33297089204638
602 12020001 12040000 6.33297089204638
603 12040001 12060000 6.33297089204638
604 12060001 12080000 6.33297089204638
605 12080001 12100000 6.33297089204638
606 12100001 12120000 6.33297089204638
607 12120001 12140000 6.33297089204638
608 12140001 12160000 6.33297089204638
609 12160001 12180000 6.43317614712767
610 12180001 12200000 8.47629163683285
611 12200001 12220000 8.47629163683285
612 12220001 12240000 8.47629163683285
613 12240001 12260000 8.47629163683249
614 12260001 12280000 8.47629163683249
615 12280001 12300000 8.47629163683285
616 12300001 12320000 8.47629163683285
617 12320001 12340000 8.47629163683285
618 12340001 12360000 8.47629163683249
619 12360001 12380000 8.47629163683285
620 12380001 12400000 8.47629163683285
621 12400001 12420000 8.47629163683285
622 12420001 12440000 8.47629163683249
623 12440001 12460000 8.47629163683249
624 12460001 12480000 8.47629163683285
625 12480001 12500000 8.47629163683285
626 12500001 12520000 8.47629163683285
627 12520001 12540000 8.47629163683249
628 12540001 12560000 8.47629163683285
629 12560001 12580000 8.47629163683285
630 12580001 12600000 8.47629163683285
631 12600001 12620000 8.47629163683249
632 12620001 12640000 8.47629163683285
633 12640001 12660000 8.47629163683285
634 12660001 12680000 8.47629163683285
635 12680001 12700000 5.23890688412067
636 12700001 12720000 3.83910085689441
637 12720001 12740000 3.83910085689477
638 12740001 12760000 3.83910085689477
639 12760001 12780000 3.83910085689441
640 12780001 12800000 3.83910085689441
641 12800001 12820000 3.83910085689477
642 12820001 12840000 3.83910085689477
643 12840001 12860000 3.83910085689441
644 12860001 12880000 3.83910085689441
645 12880001 12900000 3.83910085689477
646 12900001 12920000 3.83910085689477
647 12920001 12940000 3.83910085689441
648 12940001 12960000 3.83910085689441
649 12960001 12980000 3.83910085689477
650 12980001 13000000 3.83910085689477
651 13000001 13020000 3.83910085689441
652 13020001 13040000 4.27005470555933
653 13040001 13060000 8.7360588224896
654 13060001 13080000 8.7360588224896
655 13080001 13100000 8.7360588224896
656 13100001 13120000 8.7360588224896
657 13120001 13140000 8.7360588224896
658 13140001 13160000 8.7360588224896
659 13160001 13180000 8.7360588224896
660 13180001 13200000 8.7360588224896
661 13200001 13220000 5.48001906936511
662 13220001 13240000 3.32267957045373
663 13240001 13260000 3.32267957045373
664 13260001 13280000 3.32267957045373
665 13280001 13300000 3.32267957045373
666 13300001 13320000 3.32267957045373
667 13320001 13340000 3.32267957045373
668 13340001 13360000 3.32267957045373
669 13360001 13380000 3.32267957045373
670 13380001 13400000 3.32267957045373
671 13400001 13420000 3.32267957045373
672 13420001 13440000 3.32267957045408
673 13440001 13460000 3.32267957045373
674 13460001 13480000 3.32267957045373
675 13480001 13500000 3.32267957045373
676 13500001 13520000 3.32267957045373
677 13520001 13540000 3.32267957045373
678 13540001 13560000 3.32267957045373
679 13560001 13580000 3.32267957045373
680 13580001 13600000 3.32267957045373
681 13600001 13620000 3.32267957045373
682 13620001 13640000 3.32267957045373
683 13640001 13660000 3.32267957045373
684 13660001 13680000 3.32267957045408
685 13680001 13700000 3.32267957045373
686 13700001 13720000 3.32267957045373
687 13720001 13740000 3.32267957045373
688 13740001 13760000 3.32267957045373
689 13760001 13780000 3.32267957045408
690 13780001 13800000 3.32267957045373
691 13800001 13820000 3.32267957045373
692 13820001 13840000 3.32267957045373
693 13840001 13860000 3.32267957045373
694 13860001 13880000 3.32267957045373
695 13880001 13900000 3.32267957045373
696 13900001 13920000 3.32267957045373
697 13920001 13940000 3.32267957045373
698 13940001 13960000 3.32267957045373
699 13960001 13980000 3.32267957045373
700 13980001 14000000 3.32267957045373
701 14000001 14020000 3.32267957045337
702 14020001 14040000 3.32267957045373
703 14040001 14060000 3.32267957045373
704 14060001 14080000 3.32267957045373
705 14080001 14100000 3.32267957045373
706 14100001 14120000 3.32267957045373
707 14120001 14140000 3.32267957045373
708 14140001 14160000 3.04494828003751
709 14160001 14180000 0.265801157113989
710 14180001 14200000 0.265801157113989
711 14200001 14220000 0.265801157114344
712 14220001 14240000 0.265801157113989
713 14240001 14260000 0.265801157114344
714 14260001 14280000 0.265801157113989
715 14280001 14300000 0.265801157114344
716 14300001 14320000 0.265801157113989
717 14320001 14340000 0.265801157113989
718 14340001 14360000 0.265801157113989
719 14360001 14380000 0.265801157113989
720 14380001 14400000 0.265801157114344
721 14400001 14420000 0.265801157113989
722 14420001 14440000 0.265801157114344
723 14440001 14460000 0.265801157113989
724 14460001 14480000 0.265801157113989
725 14480001 14500000 0.265801157113989
726 14500001 14520000 0.265801157113989
727 14520001 14540000 0.265801157114344
728 14540001 14560000 0.265801157113989
729 14560001 14580000 0.265801157114344
730 14580001 14600000 0.265801157113989
731 14600001 14620000 0.265801157113989
732 14620001 14640000 0.265801157113989
733 14640001 14660000 0.265801157113989
734 14660001 14680000 0.265801157114344
735 14680001 14700000 0.265801157113989
736 14700001 14720000 0.265801157114344
737 14720001 14740000 0.265801157113989
738 14740001 14760000 0.265801157114344
739 14760001 14780000 0.265801157113989
740 14780001 14800000 0.265801157113989
741 14800001 14820000 0.265801157113989
742 14820001 14840000 0.265801157113989
743 14840001 14860000 0.265801157114344
744 14860001 14880000 0.265801157113989
745 14880001 14900000 0.265801157114344
746 14900001 14920000 0.265801157113989
747 14920001 14940000 0.265801157113989
748 14940001 14960000 0.265801157113989
749 14960001 14980000 0.265801157113989
750 14980001 15000000 0.265801157114344
751 15000001 15020000 0.265801157113989
752 15020001 15040000 0.265801157114344
753 15040001 15060000 0.265801157113989
754 15060001 15080000 0.265801157114344
755 15080001 15100000 0.265801157113989
756 15100001 15120000 0.265801157113989
757 15120001 15140000 0.265801157113989
758 15140001 15160000 0.265801157113989
759 15160001 15180000 0.265801157114344
760 15180001 15200000 0.265801157113989
761 15200001 15220000 0.265801157114344
762 15220001 15240000 0.265801157113989
763 15240001 15260000 0.265801157113989
764 15260001 15280000 0.265801157113989
765 15280001 15300000 0.265801157113989
766 15300001 15320000 0.265801157114344
767 15320001 15340000 0.265801157113989
768 15340001 15360000 0.265801157114344
769 15360001 15380000 0.265801157113989
770 15380001 15400000 0.265801157114344
771 15400001 15420000 0.265801157113989
772 15420001 15440000 0.265801157113989
773 15440001 15460000 0.265801157114344
774 15460001 15480000 0.265801157113989
775 15480001 15500000 0.265801157114344
776 15500001 15520000 0.265801157113989
777 15520001 15540000 0.265801157114344
778 15540001 15560000 0.265801157113989
779 15560001 15580000 0.265801157113989
780 15580001 15600000 0.265801157113989
781 15600001 15620000 14.8722092252792
782 15620001 15640000 10.9105593199684
783 15640001 15660000 0
784 15660001 15680000 0
785 15680001 15700000 0
786 15700001 15720000 0
787 15720001 15740000 0
788 15740001 15760000 0
789 15760001 15780000 0
790 15780001 15800000 0
791 15800001 15820000 0
792 15820001 15840000 0
793 15840001 15860000 0
794 15860001 15880000 0
795 15880001 15900000 0.786041297682864
796 15900001 15920000 5.56264681966035
797 15920001 15940000 5.56264681966035
798 15940001 15960000 5.56264681966035
799 15960001 15980000 5.56264681965999
800 15980001 16000000 7.62902043023244
801 16000001 16020000 8.45617754629691
802 16020001 16040000 8.45617754629691
803 16040001 16060000 8.45617754629727
804 16060001 16080000 8.45617754629691
805 16080001 16100000 8.45617754629727
806 16100001 16120000 8.45617754629727
807 16120001 16140000 8.45617754629691
808 16140001 16160000 8.45617754629727
809 16160001 16180000 8.45617754629691
810 16180001 16200000 8.45617754629691
811 16200001 16220000 8.45617754629727
812 16220001 16240000 8.45617754629691
813 16240001 16260000 8.45617754629727
814 16260001 16280000 8.35822786704842
815 16280001 16300000 6.29165198243897
816 16300001 16320000 6.29165198243932
817 16320001 16340000 6.29165198243897
818 16340001 16360000 6.29165198243897
819 16360001 16380000 6.29165198243897
820 16380001 16400000 6.29165198243897
821 16400001 16420000 6.29165198243932
822 16420001 16440000 6.29165198243897
823 16440001 16460000 6.29165198243897
824 16460001 16480000 6.29165198243897
825 16480001 16500000 6.29165198243932
826 16500001 16520000 6.29165198243897
827 16520001 16540000 6.29165198243897
828 16540001 16560000 6.29165198243897
829 16560001 16580000 6.29165198243897
830 16580001 16600000 6.29165198243932
831 16600001 16620000 6.29165198243897
832 16620001 16640000 6.29165198243897
833 16640001 16660000 6.40525268596559
834 16660001 16680000 6.44447725284334
835 16680001 16700000 6.44447725284334
836 16700001 16720000 6.44447725284334
837 16720001 16740000 6.44447725284334
838 16740001 16760000 6.44447725284334
839 16760001 16780000 6.44447725284334
840 16780001 16800000 6.44447725284334
841 16800001 16820000 6.44447725284334
842 16820001 16840000 6.44447725284334
843 16840001 16860000 6.44447725284334
844 16860001 16880000 6.44447725284334
845 16880001 16900000 6.44447725284334
846 16900001 16920000 6.4444772528437
847 16920001 16940000 6.44447725284334
848 16940001 16960000 6.4444772528437
849 16960001 16980000 6.44447725284334
850 16980001 17000000 6.4444772528437
851 17000001 17020000 6.44447725284334
852 17020001 17040000 6.4444772528437
853 17040001 17060000 6.44447725284334
854 17060001 17080000 6.44447725284334
855 17080001 17100000 6.44447725284334
856 17100001 17120000 4.10042811910808
857 17120001 17140000 3.79086926996263
858 17140001 17160000 3.79086926996263
859 17160001 17180000 3.79086926996263
860 17180001 17200000 3.79086926996263
861 17200001 17220000 3.79086926996263
862 17220001 17240000 3.79086926996263
863 17240001 17260000 3.79086926996263
864 17260001 17280000 3.79086926996263
865 17280001 17300000 3.79086926996263
866 17300001 17320000 3.79086926996263
867 17320001 17340000 3.79086926996263
868 17340001 17360000 3.79086926996263
869 17360001 17380000 3.79086926996263
870 17380001 17400000 3.79086926996263
871 17400001 17420000 3.79086926996228
872 17420001 17440000 3.79086926996263
873 17440001 17460000 3.79086926996228
874 17460001 17480000 3.79086926996263
875 17480001 17500000 3.79086926996228
876 17500001 17520000 3.79086926996263
877 17520001 17540000 3.79086926996228
878 17540001 17560000 3.79086926996263
879 17560001 17580000 3.79086926996228
880 17580001 17600000 3.79086926996263
881 17600001 17620000 2.77658282837318
882 17620001 17640000 2.34691179948003
883 17640001 17660000 2.34691179947967
884 17660001 17680000 2.34691179947967
885 17680001 17700000 2.34691179948003
886 17700001 17720000 2.34691179947967
887 17720001 17740000 2.34691179948003
888 17740001 17760000 2.34691179947967
889 17760001 17780000 2.34691179947967
890 17780001 17800000 2.34691179948003
891 17800001 17820000 2.34691179947967
892 17820001 17840000 2.34691179947967
893 17840001 17860000 2.34691179947967
894 17860001 17880000 2.34691179947967
895 17880001 17900000 2.34691179948003
896 17900001 17920000 2.34691179947967
897 17920001 17940000 2.34691179947967
898 17940001 17960000 2.34691179947967
899 17960001 17980000 2.34691179947967
900 17980001 18000000 2.34691179948003
901 18000001 18020000 2.34691179947967
902 18020001 18040000 2.04976817550521
903 18040001 18060000 1.8138497851389
904 18060001 18080000 1.8138497851389
905 18080001 18100000 1.81384978513926
906 18100001 18120000 1.8138497851389
907 18120001 18140000 1.81384978513926
908 18140001 18160000 1.8138497851389
909 18160001 18180000 1.8138497851389
910 18180001 18200000 1.8138497851389
911 18200001 18220000 1.8138497851389
912 18220001 18240000 1.81384978513926
913 18240001 18260000 1.8138497851389
914 18260001 18280000 1.81384978513926
915 18280001 18300000 1.8138497851389
916 18300001 18320000 1.8618197647294
917 18320001 18340000 1.8628538011694
918 18340001 18360000 1.86285380116976
919 18360001 18380000 1.86285380116976
920 18380001 18400000 1.8628538011694
921 18400001 18420000 1.8628538011694
922 18420001 18440000 1.86285380116976
923 18440001 18460000 1.86285380116976
924 18460001 18480000 1.8628538011694
925 18480001 18500000 1.86285380116976
926 18500001 18520000 2.05553345071546
927 18520001 18540000 2.52415469550018
928 18540001 18560000 2.52415469550054
929 18560001 18580000 2.52415469550018
930 18580001 18600000 2.52415469550054
931 18600001 18620000 2.52415469550018
932 18620001 18640000 2.52415469550054
933 18640001 18660000 2.52415469550018
934 18660001 18680000 2.52415469550054
935 18680001 18700000 2.52415469550018
936 18700001 18720000 2.52415469550018
937 18720001 18740000 2.52415469550018
938 18740001 18760000 2.52415469550018
939 18760001 18780000 2.52415469550054
940 18780001 18800000 2.52415469550018
941 18800001 18820000 2.52415469550054
942 18820001 18840000 2.52415469550018
943 18840001 18860000 2.52415469550054
944 18860001 18880000 2.52415469550018
945 18880001 18900000 2.52415469550054
946 18900001 18920000 2.52415469550018
947 18920001 18940000 2.52415469550054
948 18940001 18960000 2.52415469550018
949 18960001 18980000 2.52415469550018
950 18980001 19000000 2.52415469550054
951 19000001 19020000 2.52415469550018
952 19020001 19040000 2.52415469550054
953 19040001 19060000 2.52415469550018
954 19060001 19080000 2.52415469550054
955 19080001 19100000 2.52415469550018
956 19100001 19120000 2.52415469550054
957 19120001 19140000 2.52415469550018
958 19140001 19160000 2.52415469550054
959 19160001 19180000 2.52415469550018
960 19180001 19200000 2.52415469550018
961 19200001 19220000 2.52415469550018
962 19220001 19240000 2.52415469550018
963 19240001 19260000 2.52415469550054
964 19260001 19280000 2.52415469550018
965 19280001 19300000 2.52415469550054
966 19300001 19320000 2.52415469550018
967 19320001 19340000 2.52415469550054
968 19340001 19360000 2.52415469550018
969 19360001 19380000 2.52415469550054
970 19380001 19400000 2.52415469550018
971 19400001 19420000 2.52415469550018
972 19420001 19440000 2.52415469550018
973 19440001 19460000 2.52415469550018
974 19460001 19480000 2.52415469550054
975 19480001 19500000 3.05947987096954
976 19500001 19520000 4.02023744902357
977 19520001 19540000 4.02023744902357
978 19540001 19560000 4.02023744902393
979 19560001 19580000 4.02023744902393
980 19580001 19600000 4.02023744902393
981 19600001 19620000 4.02023744902322
982 19620001 19640000 4.02023744902322
983 19640001 19660000 4.02023744902393
984 19660001 19680000 4.02023744902393
985 19680001 19700000 4.02023744902393
986 19700001 19720000 4.02023744902393
987 19720001 19740000 4.02023744902322
988 19740001 19760000 4.02023744902322
989 19760001 19780000 4.02023744902393
990 19780001 19800000 0.845506817081025
991 19800001 19820000 0.808408335900438
992 19820001 19840000 0.808408335900438
993 19840001 19860000 0.808408335900438
994 19860001 19880000 0.808408335900438
995 19880001 19900000 0.808408335900438
996 19900001 19920000 0.808408335900438
997 19920001 19940000 0.808408335900438
998 19940001 19960000 0.808408335900438
999 19960001 19980000 0.808408335901149
1000 19980001 20000000 0.808408335900438
1001 20000001 20020000 0.808408335900438
1002 20020001 20040000 0.808408335900438
1003 20040001 20060000 0.808408335900438
1004 20060001 20080000 0.808408335900438
1005 20080001 20100000 0.808408335900438
1006 20100001 20120000 0.808408335900438
1007 20120001 20140000 0.808408335900438
1008 20140001 20160000 0.808408335900438
1009 20160001 20180000 0.808408335900438
1010 20180001 20200000 0.808408335900438
1011 20200001 20220000 0.808408335900438
1012 20220001 20240000 0.808408335900438
1013 20240001 20260000 0.808408335900438
1014 20260001 20280000 0.862944499995962
1015 20280001 20300000 0.864802790179415
1016 20300001 20320000 0.864802790179415
1017 20320001 20340000 0.864802790179415
1018 20340001 20360000 0.864802790178705
1019 20360001 20380000 0.864802790178705
1020 20380001 20400000 0.864802790179415
1021 20400001 20420000 0.864802790179415
1022 20420001 20440000 0.864802790179415
1023 20440001 20460000 0.864802790179415
1024 20460001 20480000 0.864802790179415
1025 20480001 20500000 0.864802790179415
1026 20500001 20520000 0.864802790179415
1027 20520001 20540000 0.864802790179415
1028 20540001 20560000 0.864802790178705
1029 20560001 20580000 0.864802790178705
1030 20580001 20600000 0.864802790178705
1031 20600001 20620000 0.864802790179415
1032 20620001 20640000 0.864802790179415
1033 20640001 20660000 0.864802790179415
1034 20660001 20680000 0.864802790179415
1035 20680001 20700000 0.864802790179415
1036 20700001 20720000 0.864802790179415
1037 20720001 20740000 0.864802790179415
1038 20740001 20760000 0.864802790179415
1039 20760001 20780000 0.864802790178705
1040 20780001 20800000 0.864802790178705
1041 20800001 20820000 0.864802790179415
1042 20820001 20840000 0.864802790179415
1043 20840001 20860000 0.864802790179415
1044 20860001 20880000 0.864802790179415
1045 20880001 20900000 0.864802790179415
1046 20900001 20920000 0.864802790179415
1047 20920001 20940000 0.864802790179415
1048 20940001 20960000 0.864802790179415
1049 20960001 20980000 0.864802790179415
1050 20980001 21000000 0.864802790178705
1051 21000001 21020000 0.864802790178705
1052 21020001 21040000 0.864802790179415
1053 21040001 21060000 0.941975282680608
1054 21060001 21080000 2.73555755082773
1055 21080001 21100000 2.73555755082773
1056 21100001 21120000 2.73555755082773
1057 21120001 21140000 2.73555755082773
1058 21140001 21160000 2.73555755082844
1059 21160001 21180000 2.73555755082773
1060 21180001 21200000 2.73555755082773
1061 21200001 21220000 2.73555755082773
1062 21220001 21240000 2.73555755082773
1063 21240001 21260000 2.73555755082773
1064 21260001 21280000 2.73555755082773
1065 21280001 21300000 2.73555755082773
1066 21300001 21320000 2.73555755082773
1067 21320001 21340000 2.73555755082773
1068 21340001 21360000 2.73555755082773
1069 21360001 21380000 2.73555755082773
1070 21380001 21400000 2.73555755082773
1071 21400001 21420000 2.73555755082773
1072 21420001 21440000 2.73555755082773
1073 21440001 21460000 2.73555755082773
1074 21460001 21480000 2.73555755082773
1075 21480001 21500000 2.73555755082773
1076 21500001 21520000 2.73555755082773
1077 21520001 21540000 2.73555755082844
1078 21540001 21560000 2.68274280859614
1079 21560001 21580000 1.33470605229657
1080 21580001 21600000 1.33470605229657
1081 21600001 21620000 1.33470605229657
1082 21620001 21640000 1.33470605229657
1083 21640001 21660000 1.33470605229657
1084 21660001 21680000 1.33470605229657
1085 21680001 21700000 1.33470605229657
1086 21700001 21720000 1.33470605229657
1087 21720001 21740000 1.33470605229657
1088 21740001 21760000 1.33470605229657
1089 21760001 21780000 1.33470605229728
1090 21780001 21800000 1.33470605229728
1091 21800001 21820000 1.33470605229728
1092 21820001 21840000 1.33470605229728
1093 21840001 21860000 1.33470605229657
1094 21860001 21880000 1.33470605229657
1095 21880001 21900000 1.33470605229657
1096 21900001 21920000 1.33470605229657
1097 21920001 21940000 1.33470605229657
1098 21940001 21960000 1.33470605229657
1099 21960001 21980000 1.33470605229657
1100 21980001 22000000 1.33470605229657
1101 22000001 22020000 1.33470605229657
1102 22020001 22040000 1.33470605229657
1103 22040001 22060000 1.33470605229657
1104 22060001 22080000 1.33470605229728
1105 22080001 22100000 1.33470605229728
1106 22100001 22120000 1.33470605229728
1107 22120001 22140000 1.33470605229728
1108 22140001 22160000 1.33470605229657
1109 22160001 22180000 1.33470605229657
1110 22180001 22200000 1.33470605229657
1111 22200001 22220000 1.33470605229657
1112 22220001 22240000 1.33470605229657
1113 22240001 22260000 1.33470605229657
1114 22260001 22280000 1.33470605229657
1115 22280001 22300000 1.33470605229657
1116 22300001 22320000 1.33470605229657
1117 22320001 22340000 1.33470605229657
1118 22340001 22360000 1.33470605229657
1119 22360001 22380000 1.33470605229728
1120 22380001 22400000 1.33470605229728
1121 22400001 22420000 1.33470605229728
1122 22420001 22440000 1.33470605229728
1123 22440001 22460000 1.33470605229657
1124 22460001 22480000 1.33470605229657
1125 22480001 22500000 1.33470605229657
1126 22500001 22520000 1.33470605229657
1127 22520001 22540000 1.33470605229657
1128 22540001 22560000 1.33470605229657
1129 22560001 22580000 1.33470605229657
1130 22580001 22600000 1.33470605229657
1131 22600001 22620000 1.33470605229657
1132 22620001 22640000 1.33470605229657
1133 22640001 22660000 1.33470605229657
1134 22660001 22680000 1.33470605229728
1135 22680001 22700000 1.33470605229728
1136 22700001 22720000 1.33470605229728
1137 22720001 22740000 1.33470605229728
1138 22740001 22760000 3.17184396987776
1139 22760001 22780000 3.49950225861959
1140 22780001 22800000 3.49950225861888
1141 22800001 22820000 3.49950225861888
1142 22820001 22840000 3.49950225861888
1143 22840001 22860000 3.49950225861888
1144 22860001 22880000 3.49950225861888
1145 22880001 22900000 3.49950225861888
1146 22900001 22920000 3.49950225861888
1147 22920001 22940000 3.49950225861888
1148 22940001 22960000 3.49950225861888
1149 22960001 22980000 3.49950225861888
1150 22980001 23000000 3.49950225861888
1151 23000001 23020000 3.49950225861888
1152 23020001 23040000 3.49950225861888
1153 23040001 23060000 3.49950225861888
1154 23060001 23080000 3.49950225861888
1155 23080001 23100000 3.49950225861888
1156 23100001 23120000 3.49950225861888
1157 23120001 23140000 3.49950225861959
1158 23140001 23160000 3.49950225861888
1159 23160001 23180000 3.49950225861888
1160 23180001 23200000 3.49950225861888
1161 23200001 23220000 3.49950225861888
1162 23220001 23240000 3.49950225861888
1163 23240001 23260000 3.49950225861888
1164 23260001 23280000 3.49950225861888
1165 23280001 23300000 3.49950225861888
1166 23300001 23320000 3.49950225861888
1167 23320001 23340000 3.49950225861888
1168 23340001 23360000 3.49950225861888
1169 23360001 23380000 3.49950225861888
1170 23380001 23400000 2.16535237667617
1171 23400001 23420000 2.02423611414366
1172 23420001 23440000 2.02423611414366
1173 23440001 23460000 2.02423611414366
1174 23460001 23480000 2.02423611414366
1175 23480001 23500000 2.02423611414366
1176 23500001 23520000 2.02423611414366
1177 23520001 23540000 2.02423611414366
1178 23540001 23560000 2.02423611414366
1179 23560001 23580000 2.02423611414366
1180 23580001 23600000 2.02423611414366
1181 23600001 23620000 2.02423611414366
1182 23620001 23640000 2.02423611414366
1183 23640001 23660000 2.02423611414366
1184 23660001 23680000 2.02423611414366
1185 23680001 23700000 2.02423611414366
1186 23700001 23720000 2.02423611414366
1187 23720001 23740000 2.02423611414366
1188 23740001 23760000 2.02423611414366
1189 23760001 23780000 2.02423611414366
1190 23780001 23800000 2.02423611414366
1191 23800001 23820000 2.02423611414366
1192 23820001 23840000 2.02423611414295
1193 23840001 23860000 2.02423611414295
1194 23860001 23880000 2.02423611414295
1195 23880001 23900000 2.02423611414295
1196 23900001 23920000 2.02423611414295
1197 23920001 23940000 2.02423611414295
1198 23940001 23960000 2.02423611414295
1199 23960001 23980000 2.02423611414295
1200 23980001 24000000 2.02423611414366
1201 24000001 24020000 2.02423611414366
1202 24020001 24040000 2.02423611414366
1203 24040001 24060000 2.02423611414366
1204 24060001 24080000 2.02423611414366
1205 24080001 24100000 2.02423611414366
1206 24100001 24120000 2.73748540778296
1207 24120001 24140000 4.73917190087655
1208 24140001 24160000 4.73917190087584
1209 24160001 24180000 4.73917190087655
1210 24180001 24200000 4.73917190087655
1211 24200001 24220000 4.73917190087655
1212 24220001 24240000 4.73917190087584
1213 24240001 24260000 4.73917190087655
1214 24260001 24280000 4.73917190087655
1215 24280001 24300000 4.73917190087655
1216 24300001 24320000 4.73917190087584
1217 24320001 24340000 4.73917190087655
1218 24340001 24360000 4.73917190087655
1219 24360001 24380000 4.73917190087655
1220 24380001 24400000 4.73917190087584
1221 24400001 24420000 4.73917190087655
1222 24420001 24440000 4.73917190087655
1223 24440001 24460000 4.73917190087655
1224 24460001 24480000 4.73917190087584
1225 24480001 24500000 4.73917190087655
1226 24500001 24520000 4.73917190087655
1227 24520001 24540000 4.73917190087655
1228 24540001 24560000 4.73917190087584
1229 24560001 24580000 4.73917190087655
1230 24580001 24600000 4.73917190087655
1231 24600001 24620000 4.73917190087655
1232 24620001 24640000 4.73917190087584
1233 24640001 24660000 4.73917190087655
1234 24660001 24680000 4.73917190087655
1235 24680001 24700000 4.73917190087655
1236 24700001 24720000 4.73917190087584
1237 24720001 24740000 4.73917190087655
1238 24740001 24760000 4.73917190087655
1239 24760001 24780000 4.73917190087655
1240 24780001 24800000 4.73917190087584
1241 24800001 24820000 5.51089486861414
1242 24820001 24840000 6.44776125455752
1243 24840001 24860000 6.44776125455752
1244 24860001 24880000 6.44776125455752
1245 24880001 24900000 6.44776125455681
1246 24900001 24920000 6.44776125455681
1247 24920001 24940000 6.44776125455752
1248 24940001 24960000 6.44776125455752
1249 24960001 24980000 6.44776125455681
1250 24980001 25000000 6.44776125455681
1251 25000001 25020000 6.44776125455752
1252 25020001 25040000 6.44776125455752
1253 25040001 25060000 6.44776125455681
1254 25060001 25080000 6.44776125455681
1255 25080001 25100000 6.44776125455681
1256 25100001 25120000 6.44776125455752
1257 25120001 25140000 6.44776125455752
1258 25140001 25160000 6.44776125455681
1259 25160001 25180000 6.44776125455681
1260 25180001 25200000 6.44776125455752
1261 25200001 25220000 6.44776125455752
1262 25220001 25240000 6.44776125455681
1263 25240001 25260000 6.44776125455681
1264 25260001 25280000 6.44776125455752
1265 25280001 25300000 6.44776125455752
1266 25300001 25320000 5.03758588799643
1267 25320001 25340000 4.66901025134941
1268 25340001 25360000 4.66901025135012
1269 25360001 25380000 4.66901025135012
1270 25380001 25400000 4.66901025134941
1271 25400001 25420000 4.66901025135012
1272 25420001 25440000 4.66901025134941
1273 25440001 25460000 4.66901025135012
1274 25460001 25480000 4.66901025134941
1275 25480001 25500000 4.66901025135012
1276 25500001 25520000 4.66901025134941
1277 25520001 25540000 4.66901025135012
1278 25540001 25560000 4.66901025135012
1279 25560001 25580000 4.66901025134941
1280 25580001 25600000 4.66901025135012
1281 25600001 25620000 4.66901025134941
1282 25620001 25640000 4.66901025135012
1283 25640001 25660000 4.66901025134941
1284 25660001 25680000 4.66901025135012
1285 25680001 25700000 4.66901025134941
1286 25700001 25720000 4.66901025135012
1287 25720001 25740000 4.66901025135012
1288 25740001 25760000 4.66901025134941
1289 25760001 25780000 4.66901025135012
1290 25780001 25800000 4.66901025134941
1291 25800001 25820000 4.66901025135012
1292 25820001 25840000 4.66901025134941
1293 25840001 25860000 4.66901025135012
1294 25860001 25880000 4.66901025134941
1295 25880001 25900000 4.66901025135012
1296 25900001 25920000 4.66901025134941
1297 25920001 25940000 4.66901025135012
1298 25940001 25960000 4.66901025135012
1299 25960001 25980000 4.66901025134941
1300 25980001 26000000 4.66901025135012
1301 26000001 26020000 4.66901025134941
1302 26020001 26040000 4.66901025135012
1303 26040001 26060000 4.66901025134941
1304 26060001 26080000 4.66901025135012
1305 26080001 26100000 4.69041009246417
1306 26100001 26120000 5.89179717266219
1307 26120001 26140000 5.89179717266219
1308 26140001 26160000 5.89179717266219
1309 26160001 26180000 5.89179717266219
1310 26180001 26200000 5.89179717266219
1311 26200001 26220000 5.89179717266148
1312 26220001 26240000 5.89179717266219
1313 26240001 26260000 5.89179717266219
1314 26260001 26280000 5.89179717266219
1315 26280001 26300000 5.89179717266219
1316 26300001 26320000 5.89179717266219
1317 26320001 26340000 5.89179717266219
1318 26340001 26360000 5.89179717266148
1319 26360001 26380000 5.89179717266219
1320 26380001 26400000 5.89179717266219
1321 26400001 26420000 4.23971948855884
1322 26420001 26440000 3.81303149980578
1323 26440001 26460000 3.81303149980507
1324 26460001 26480000 3.81303149980578
1325 26480001 26500000 3.81303149980507
1326 26500001 26520000 3.81303149980507
1327 26520001 26540000 3.81303149980578
1328 26540001 26560000 3.81303149980507
1329 26560001 26580000 3.81303149980578
1330 26580001 26600000 3.81303149980578
1331 26600001 26620000 3.81303149980507
1332 26620001 26640000 3.81303149980578
1333 26640001 26660000 3.81303149980507
1334 26660001 26680000 3.81303149980507
1335 26680001 26700000 3.81303149980578
1336 26700001 26720000 3.81303149980507
1337 26720001 26740000 3.81303149980578
1338 26740001 26760000 3.81303149980578
1339 26760001 26780000 3.81303149980507
1340 26780001 26800000 3.81303149980578
1341 26800001 26820000 3.81303149980507
1342 26820001 26840000 3.81303149980507
1343 26840001 26860000 3.81303149980578
1344 26860001 26880000 3.81303149980507
1345 26880001 26900000 3.81303149980578
1346 26900001 26920000 3.81303149980578
1347 26920001 26940000 3.81303149980507
1348 26940001 26960000 3.81303149980578
1349 26960001 26980000 3.81303149980507
1350 26980001 27000000 3.81303149980507
1351 27000001 27020000 3.81303149980578
1352 27020001 27040000 3.81303149980507
1353 27040001 27060000 3.81303149980578
1354 27060001 27080000 3.81303149980578
1355 27080001 27100000 3.81303149980507
1356 27100001 27120000 3.81303149980578
1357 27120001 27140000 3.81303149980507
1358 27140001 27160000 3.81303149980507
1359 27160001 27180000 3.81303149980578
1360 27180001 27200000 3.81303149980507
1361 27200001 27220000 3.81303149980507
1362 27220001 27240000 3.81303149980578
1363 27240001 27260000 3.81303149980507
1364 27260001 27280000 3.81303149980578
1365 27280001 27300000 3.81303149980507
1366 27300001 27320000 3.81303149980507
1367 27320001 27340000 3.81303149980578
1368 27340001 27360000 3.81303149980507
1369 27360001 27380000 3.81303149980578
1370 27380001 27400000 3.81303149980578
1371 27400001 27420000 3.81303149980507
1372 27420001 27440000 3.81303149980578
1373 27440001 27460000 3.81303149980507
1374 27460001 27480000 3.81303149980507
1375 27480001 27500000 3.81303149980578
1376 27500001 27520000 3.81303149980507
1377 27520001 27540000 3.81303149980507
1378 27540001 27560000 3.81303149980578
1379 27560001 27580000 3.81303149980507
1380 27580001 27600000 3.81303149980578
1381 27600001 27620000 3.81303149980578
1382 27620001 27640000 2.99536912056081
1383 27640001 27660000 0.581964532305999
1384 27660001 27680000 0.58196453230671
1385 27680001 27700000 0.581964532305999
1386 27700001 27720000 0.58196453230671
1387 27720001 27740000 0.581964532305999
1388 27740001 27760000 0.58196453230671
1389 27760001 27780000 0.581964532305999
1390 27780001 27800000 0.58196453230671
1391 27800001 27820000 0.581964532305999
1392 27820001 27840000 0.58196453230671
1393 27840001 27860000 1.48434106609639
1394 27860001 27880000 4.25221637271073
1395 27880001 27900000 4.25221637271073
1396 27900001 27920000 4.25221637271073
1397 27920001 27940000 4.25221637271073
1398 27940001 27960000 4.25221637271073
1399 27960001 27980000 4.25221637271073
1400 27980001 28000000 4.25221637271073
1401 28000001 28020000 4.25221637271073
1402 28020001 28040000 4.25221637271073
1403 28040001 28060000 4.25221637271073
1404 28060001 28080000 4.25221637271002
1405 28080001 28100000 4.25221637271073
1406 28100001 28120000 4.25221637271073
1407 28120001 28140000 3.95982488285268
1408 28140001 28160000 3.44129730383401
1409 28160001 28180000 3.44129730383401
1410 28180001 28200000 3.44129730383401
1411 28200001 28220000 3.44129730383401
1412 28220001 28240000 3.44129730383401
1413 28240001 28260000 3.44129730383401
1414 28260001 28280000 3.44129730383401
1415 28280001 28300000 3.44129730383401
1416 28300001 28320000 3.44129730383401
1417 28320001 28340000 3.44129730383401
1418 28340001 28360000 3.44129730383401
1419 28360001 28380000 3.44129730383401
1420 28380001 28400000 3.44129730383401
1421 28400001 28420000 3.44129730383401
1422 28420001 28440000 3.44129730383401
1423 28440001 28460000 3.44129730383401
1424 28460001 28480000 3.44129730383401
1425 28480001 28500000 3.44129730383401
1426 28500001 28520000 3.4412973038333
1427 28520001 28540000 3.44129730383401
1428 28540001 28560000 3.44129730383401
1429 28560001 28580000 3.44129730383401
1430 28580001 28600000 3.44129730383401
1431 28600001 28620000 3.44129730383401
1432 28620001 28640000 3.44129730383401
1433 28640001 28660000 3.44129730383401
1434 28660001 28680000 3.44129730383401
1435 28680001 28700000 3.44129730383401
1436 28700001 28720000 3.44129730383401
1437 28720001 28740000 3.44129730383401
1438 28740001 28760000 3.44129730383401
1439 28760001 28780000 3.44129730383401
1440 28780001 28800000 3.44129730383401
1441 28800001 28820000 3.44129730383401
1442 28820001 28840000 3.44129730383401
1443 28840001 28860000 3.44129730383401
1444 28860001 28880000 3.44129730383401
1445 28880001 28900000 3.44129730383401
1446 28900001 28920000 3.44129730383401
1447 28920001 28940000 3.44129730383401
1448 28940001 28960000 3.44129730383401
1449 28960001 28980000 3.4412973038333
1450 28980001 29000000 3.44129730383401
1451 29000001 29020000 3.44129730383401
1452 29020001 29040000 3.44129730383401
1453 29040001 29060000 3.33578228421998
1454 29060001 29080000 1.4200378428574
1455 29080001 29100000 1.4200378428574
1456 29100001 29120000 1.42003784285811
1457 29120001 29140000 1.42003784285811
1458 29140001 29160000 1.42003784285811
1459 29160001 29180000 1.4200378428574
1460 29180001 29200000 1.4200378428574
1461 29200001 29220000 1.42003784285811
1462 29220001 29240000 1.42003784285811
1463 29240001 29260000 1.4200378428574
1464 29260001 29280000 1.4200378428574
1465 29280001 29300000 1.42003784285811
1466 29300001 29320000 1.42003784285811
1467 29320001 29340000 1.42003784285811
1468 29340001 29360000 1.4200378428574
1469 29360001 29380000 1.4200378428574
1470 29380001 29400000 1.42003784285811
1471 29400001 29420000 1.42003784285811
1472 29420001 29440000 1.4200378428574
1473 29440001 29460000 1.4200378428574
1474 29460001 29480000 1.42003784285811
1475 29480001 29500000 1.42003784285811
1476 29500001 29520000 1.42003784285811
1477 29520001 29540000 1.4200378428574
1478 29540001 29560000 1.4200378428574
1479 29560001 29580000 1.42003784285811
1480 29580001 29600000 1.42003784285811
1481 29600001 29620000 1.4200378428574
1482 29620001 29640000 1.4200378428574
1483 29640001 29660000 1.42003784285811
1484 29660001 29680000 1.42003784285811
1485 29680001 29700000 1.42003784285811
1486 29700001 29720000 1.4200378428574
1487 29720001 29740000 1.4200378428574
1488 29740001 29760000 1.42003784285811
1489 29760001 29780000 1.42003784285811
1490 29780001 29800000 1.4200378428574
1491 29800001 29820000 1.4200378428574
1492 29820001 29840000 1.42003784285811
1493 29840001 29860000 1.42003784285811
1494 29860001 29880000 1.42003784285811
1495 29880001 29900000 1.4200378428574
1496 29900001 29920000 1.4200378428574
1497 29920001 29940000 1.42003784285811
1498 29940001 29960000 1.42003784285811
1499 29960001 29980000 1.4200378428574
1500 29980001 30000000 1.4200378428574
1501 30000001 30020000 1.42003784285811
1502 30020001 30040000 1.42003784285811
1503 30040001 30060000 1.42003784285811
1504 30060001 30080000 NA
1505 30080001 30100000 NA
1506 30100001 30120000 NA
1507 30120001 30140000 NA
1508 30140001 30160000 NA
1509 30160001 30180000 NA
1510 30180001 30200000 NA
1511 30200001 30220000 NA
1512 30220001 30240000 NA
1513 30240001 30260000 NA
1514 30260001 30280000 NA
1515 30280001 30300000 NA
1516 30300001 30320000 NA
1517 30320001 30340000 NA
1518 30340001 30360000 NA
1519 30360001 30380000 NA
1520 30380001 30400000 NA
1521 30400001 30420000 NA
