StartPoint EndPoint cM/Mb
1 1 20000 NA
2 20001 40000 NA
3 40001 60000 NA
4 60001 80000 NA
5 80001 100000 NA
6 100001 120000 NA
7 120001 140000 NA
8 140001 160000 NA
9 160001 180000 NA
10 180001 200000 NA
11 200001 220000 NA
12 220001 240000 NA
13 240001 260000 NA
14 260001 280000 NA
15 280001 300000 7.92934904293385
16 300001 320000 7.92934904293385
17 320001 340000 7.92934904293385
18 340001 360000 7.92934904293385
19 360001 380000 7.92934904293385
20 380001 400000 7.92934904293385
21 400001 420000 7.92934904293384
22 420001 440000 7.92934904293385
23 440001 460000 7.92934904293385
24 460001 480000 7.92934904293384
25 480001 500000 7.92934904293385
26 500001 520000 4.92243593284001
27 520001 540000 2.88020922019945
28 540001 560000 2.88020922019945
29 560001 580000 2.88020922019946
30 580001 600000 2.88020922019946
31 600001 620000 2.88020922019946
32 620001 640000 2.88020922019946
33 640001 660000 2.88020922019946
34 660001 680000 2.88020922019946
35 680001 700000 2.88020922019946
36 700001 720000 2.88020922019943
37 720001 740000 2.88020922019943
38 740001 760000 2.88020922019943
39 760001 780000 3.11919856158495
40 780001 800000 5.58970345963756
41 800001 820000 5.58970345963756
42 820001 840000 5.58970345963756
43 840001 860000 5.58970345963756
44 860001 880000 5.58970345963756
45 880001 900000 5.58970345963756
46 900001 920000 5.58970345963756
47 920001 940000 5.58970345963756
48 940001 960000 5.58970345963756
49 960001 980000 5.58970345963756
50 980001 1000000 5.58970345963756
51 1000001 1020000 5.58970345963756
52 1020001 1040000 5.58970345963761
53 1040001 1060000 5.58970345963756
54 1060001 1080000 5.58970345963756
55 1080001 1100000 5.58970345963756
56 1100001 1120000 5.58970345963752
57 1120001 1140000 5.58970345963756
58 1140001 1160000 5.58970345963756
59 1160001 1180000 3.47753469250046
60 1180001 1200000 2.4098432387722
61 1200001 1220000 2.4098432387722
62 1220001 1240000 2.4098432387722
63 1240001 1260000 2.4098432387722
64 1260001 1280000 2.40984323877225
65 1280001 1300000 2.4098432387722
66 1300001 1320000 2.4098432387722
67 1320001 1340000 2.40984323877225
68 1340001 1360000 2.4098432387722
69 1360001 1380000 2.40984323877225
70 1380001 1400000 2.4098432387722
71 1400001 1420000 2.4098432387722
72 1420001 1440000 2.4098432387722
73 1440001 1460000 2.4098432387722
74 1460001 1480000 2.40984323877225
75 1480001 1500000 2.4098432387722
76 1500001 1520000 2.4098432387722
77 1520001 1540000 2.40984323877225
78 1540001 1560000 2.4098432387722
79 1560001 1580000 2.4098432387722
80 1580001 1600000 2.4098432387722
81 1600001 1620000 2.40984323877225
82 1620001 1640000 2.40984323877225
83 1640001 1660000 2.4098432387722
84 1660001 1680000 2.40984323877225
85 1680001 1700000 2.4098432387722
86 1700001 1720000 2.4098432387722
87 1720001 1740000 2.40984323877225
88 1740001 1760000 2.4098432387722
89 1760001 1780000 2.4098432387722
90 1780001 1800000 2.40984323877225
91 1800001 1820000 2.4098432387722
92 1820001 1840000 2.4098432387722
93 1840001 1860000 2.4098432387722
94 1860001 1880000 2.4098432387722
95 1880001 1900000 2.4098432387722
96 1900001 1920000 2.4098432387722
97 1920001 1940000 2.40984323877225
98 1940001 1960000 2.4098432387722
99 1960001 1980000 2.4098432387722
100 1980001 2000000 2.40984323877225
101 2000001 2020000 2.4098432387722
102 2020001 2040000 2.40984323877216
103 2040001 2060000 2.40984323877225
104 2060001 2080000 2.4098432387722
105 2080001 2100000 2.4098432387722
106 2100001 2120000 2.40984323877225
107 2120001 2140000 2.40984323877225
108 2140001 2160000 2.4098432387722
109 2160001 2180000 2.4098432387722
110 2180001 2200000 2.40984323877225
111 2200001 2220000 2.4098432387722
112 2220001 2240000 1.1343699309866
113 2240001 2260000 0
114 2260001 2280000 0
115 2280001 2300000 0.908571266376609
116 2300001 2320000 1.45016095421117
117 2320001 2340000 1.45016095421112
118 2340001 2360000 1.45016095421117
119 2360001 2380000 1.45016095421117
120 2380001 2400000 1.45016095421117
121 2400001 2420000 1.45016095421117
122 2420001 2440000 1.45016095421117
123 2440001 2460000 1.45016095421117
124 2460001 2480000 1.45016095421117
125 2480001 2500000 1.45016095421117
126 2500001 2520000 1.45016095421117
127 2520001 2540000 1.45016095421117
128 2540001 2560000 1.45016095421117
129 2560001 2580000 1.45016095421117
130 2580001 2600000 1.45016095421117
131 2600001 2620000 1.45016095421117
132 2620001 2640000 1.45016095421117
133 2640001 2660000 1.45016095421117
134 2660001 2680000 1.45016095421117
135 2680001 2700000 1.45016095421117
136 2700001 2720000 1.45016095421121
137 2720001 2740000 1.45016095421117
138 2740001 2760000 1.45016095421117
139 2760001 2780000 1.45016095421117
140 2780001 2800000 1.45016095421117
141 2800001 2820000 1.45016095421108
142 2820001 2840000 1.45016095421117
143 2840001 2860000 1.45016095421117
144 2860001 2880000 1.45016095421117
145 2880001 2900000 1.45016095421117
146 2900001 2920000 2.41142752749657
147 2920001 2940000 2.65962117435176
148 2940001 2960000 2.65962117435176
149 2960001 2980000 2.65962117435176
150 2980001 3000000 2.65962117435176
151 3000001 3020000 2.65962117435176
152 3020001 3040000 2.65962117435176
153 3040001 3060000 2.65962117435176
154 3060001 3080000 2.65962117435176
155 3080001 3100000 2.65962117435176
156 3100001 3120000 2.65962117435185
157 3120001 3140000 2.65962117435176
158 3140001 3160000 2.65962117435176
159 3160001 3180000 2.28009052605639
160 3180001 3200000 2.21699034654333
161 3200001 3220000 2.21699034654333
162 3220001 3240000 2.21699034654333
163 3240001 3260000 2.21699034654333
164 3260001 3280000 2.21699034654333
165 3280001 3300000 2.21699034654333
166 3300001 3320000 2.21699034654333
167 3320001 3340000 2.21699034654333
168 3340001 3360000 2.21699034654333
169 3360001 3380000 2.21699034654324
170 3380001 3400000 2.21699034654333
171 3400001 3420000 2.21699034654333
172 3420001 3440000 2.21699034654333
173 3440001 3460000 2.21699034654333
174 3460001 3480000 2.21699034654333
175 3480001 3500000 2.21699034654333
176 3500001 3520000 2.21699034654333
177 3520001 3540000 2.21699034654333
178 3540001 3560000 2.21699034654333
179 3560001 3580000 2.21699034654333
180 3580001 3600000 2.21699034654324
181 3600001 3620000 2.19290027438446
182 3620001 3640000 1.29756791695298
183 3640001 3660000 1.29756791695298
184 3660001 3680000 1.29756791695298
185 3680001 3700000 1.29756791695298
186 3700001 3720000 1.29756791695298
187 3720001 3740000 1.29756791695298
188 3740001 3760000 1.29756791695298
189 3760001 3780000 1.29756791695298
190 3780001 3800000 1.29756791695298
191 3800001 3820000 1.29756791695298
192 3820001 3840000 1.29756791695289
193 3840001 3860000 1.29756791695289
194 3860001 3880000 1.29756791695289
195 3880001 3900000 1.29756791695289
196 3900001 3920000 1.29756791695289
197 3920001 3940000 1.29756791695289
198 3940001 3960000 1.29756791695289
199 3960001 3980000 1.29756791695289
200 3980001 4000000 1.29756791695289
201 4000001 4020000 1.29756791695289
202 4020001 4040000 1.29756791695289
203 4040001 4060000 1.29756791695289
204 4060001 4080000 1.29756791695289
205 4080001 4100000 1.29756791695289
206 4100001 4120000 1.29756791695289
207 4120001 4140000 1.29756791695289
208 4140001 4160000 1.29756791695289
209 4160001 4180000 1.29756791695289
210 4180001 4200000 1.29756791695289
211 4200001 4220000 1.29756791695289
212 4220001 4240000 1.06793137521634
213 4240001 4260000 0.570676305970152
214 4260001 4280000 0.570676305970152
215 4280001 4300000 0.570676305970063
216 4300001 4320000 0.570676305970152
217 4320001 4340000 0.570676305970152
218 4340001 4360000 0.570676305970152
219 4360001 4380000 0.570676305970152
220 4380001 4400000 0.570676305970152
221 4400001 4420000 0.570676305970152
222 4420001 4440000 0.570676305970152
223 4440001 4460000 1.55201746300349
224 4460001 4480000 2.21741584276408
225 4480001 4500000 2.21741584276408
226 4500001 4520000 2.21741584276408
227 4520001 4540000 2.21741584276408
228 4540001 4560000 2.21741584276408
229 4560001 4580000 2.21741584276417
230 4580001 4600000 2.21741584276408
231 4600001 4620000 2.21741584276408
232 4620001 4640000 2.21741584276408
233 4640001 4660000 2.21741584276408
234 4660001 4680000 2.21741584276408
235 4680001 4700000 2.21741584276408
236 4700001 4720000 2.21741584276408
237 4720001 4740000 2.21741584276408
238 4740001 4760000 2.21741584276408
239 4760001 4780000 2.21741584276408
240 4780001 4800000 2.21741584276408
241 4800001 4820000 2.21741584276408
242 4820001 4840000 2.21741584276408
243 4840001 4860000 2.21741584276408
244 4860001 4880000 2.21741584276408
245 4880001 4900000 2.21741584276408
246 4900001 4920000 2.21741584276408
247 4920001 4940000 2.21741584276408
248 4940001 4960000 2.21741584276408
249 4960001 4980000 2.21741584276408
250 4980001 5000000 2.21741584276408
251 5000001 5020000 2.21741584276408
252 5020001 5040000 2.21741584276417
253 5040001 5060000 2.21741584276408
254 5060001 5080000 2.21741584276408
255 5080001 5100000 2.21741584276408
256 5100001 5120000 2.21741584276408
257 5120001 5140000 2.21741584276408
258 5140001 5160000 2.21741584276408
259 5160001 5180000 2.21741584276408
260 5180001 5200000 2.21741584276408
261 5200001 5220000 2.21741584276417
262 5220001 5240000 2.21741584276408
263 5240001 5260000 2.21741584276408
264 5260001 5280000 2.21741584276408
265 5280001 5300000 2.21741584276408
266 5300001 5320000 2.21741584276408
267 5320001 5340000 2.19979338547914
268 5340001 5360000 2.07368357390537
269 5360001 5380000 2.07368357390537
270 5380001 5400000 2.07368357390537
271 5400001 5420000 2.07368357390528
272 5420001 5440000 2.07368357390528
273 5440001 5460000 2.07368357390528
274 5460001 5480000 2.07368357390537
275 5480001 5500000 2.07368357390537
276 5500001 5520000 2.07368357390537
277 5520001 5540000 2.44392744459
278 5540001 5560000 3.90829882906461
279 5560001 5580000 3.9082988290647
280 5580001 5600000 3.9082988290647
281 5600001 5620000 3.90829882906461
282 5620001 5640000 3.9082988290647
283 5640001 5660000 3.9082988290647
284 5660001 5680000 3.90829882906461
285 5680001 5700000 3.90829882906461
286 5700001 5720000 3.9082988290647
287 5720001 5740000 3.90829882906461
288 5740001 5760000 3.90829882906461
289 5760001 5780000 3.9082988290647
290 5780001 5800000 3.90360097920274
291 5800001 5820000 2.31588697500144
292 5820001 5840000 2.31588697500135
293 5840001 5860000 2.31588697500135
294 5860001 5880000 2.31588697500144
295 5880001 5900000 2.31588697500144
296 5900001 5920000 2.31588697500144
297 5920001 5940000 2.31588697500135
298 5940001 5960000 2.31588697500135
299 5960001 5980000 2.31588697500144
300 5980001 6000000 2.31588697500144
301 6000001 6020000 2.31588697500135
302 6020001 6040000 2.31588697500135
303 6040001 6060000 2.31588697500135
304 6060001 6080000 2.31588697500144
305 6080001 6100000 2.31588697500144
306 6100001 6120000 2.31588697500135
307 6120001 6140000 2.31588697500135
308 6140001 6160000 2.31588697500144
309 6160001 6180000 2.31588697500144
310 6180001 6200000 2.31588697500144
311 6200001 6220000 2.31588697500135
312 6220001 6240000 2.31588697500135
313 6240001 6260000 2.31588697500144
314 6260001 6280000 2.31588697500144
315 6280001 6300000 2.31588697500135
316 6300001 6320000 2.31588697500135
317 6320001 6340000 2.31588697500135
318 6340001 6360000 2.31588697500144
319 6360001 6380000 2.31588697500144
320 6380001 6400000 2.31588697500135
321 6400001 6420000 2.31588697500135
322 6420001 6440000 2.31588697500135
323 6440001 6460000 2.31588697500144
324 6460001 6480000 2.31588697500144
325 6480001 6500000 2.31588697500135
326 6500001 6520000 2.31588697500135
327 6520001 6540000 2.31588697500135
328 6540001 6560000 2.31588697500135
329 6560001 6580000 2.31588697500153
330 6580001 6600000 2.31588697500135
331 6600001 6620000 2.31588697500153
332 6620001 6640000 2.31588697500135
333 6640001 6660000 2.31588697500135
334 6660001 6680000 2.31588697500135
335 6680001 6700000 2.31588697500135
336 6700001 6720000 2.31588697500135
337 6720001 6740000 2.31588697500135
338 6740001 6760000 2.31588697500135
339 6760001 6780000 2.31588697500153
340 6780001 6800000 2.31588697500135
341 6800001 6820000 2.6339734699871
342 6820001 6840000 2.65565153266932
343 6840001 6860000 2.65565153266932
344 6860001 6880000 2.65565153266932
345 6880001 6900000 2.65565153266932
346 6900001 6920000 2.65565153266932
347 6920001 6940000 2.65565153266932
348 6940001 6960000 2.65565153266932
349 6960001 6980000 2.65565153266932
350 6980001 7000000 2.65565153266932
351 7000001 7020000 2.65565153266932
352 7020001 7040000 2.65565153266932
353 7040001 7060000 2.65565153266932
354 7060001 7080000 2.65565153266932
355 7080001 7100000 2.65565153266932
356 7100001 7120000 2.65565153266932
357 7120001 7140000 2.65565153266932
358 7140001 7160000 2.65565153266914
359 7160001 7180000 2.65565153266914
360 7180001 7200000 2.65565153266914
361 7200001 7220000 2.65565153266914
362 7220001 7240000 2.65565153266914
363 7240001 7260000 2.65565153266932
364 7260001 7280000 2.65565153266932
365 7280001 7300000 2.65565153266932
366 7300001 7320000 2.65565153266932
367 7320001 7340000 2.65565153266932
368 7340001 7360000 4.52670449418894
369 7360001 7380000 4.62394295223852
370 7380001 7400000 4.6239429522387
371 7400001 7420000 4.6239429522387
372 7420001 7440000 4.6239429522387
373 7440001 7460000 4.62394295223852
374 7460001 7480000 4.62394295223852
375 7480001 7500000 4.62394295223852
376 7500001 7520000 4.6239429522387
377 7520001 7540000 4.6239429522387
378 7540001 7560000 4.62394295223852
379 7560001 7580000 4.62394295223852
380 7580001 7600000 4.62394295223852
381 7600001 7620000 4.6239429522387
382 7620001 7640000 4.6239429522387
383 7640001 7660000 4.62394295223852
384 7660001 7680000 4.62394295223852
385 7680001 7700000 4.62394295223852
386 7700001 7720000 4.6239429522387
387 7720001 7740000 4.6239429522387
388 7740001 7760000 4.62394295223852
389 7760001 7780000 4.62394295223852
390 7780001 7800000 4.62394295223852
391 7800001 7820000 4.58678618082694
392 7820001 7840000 4.51311546954484
393 7840001 7860000 4.51311546954484
394 7860001 7880000 4.51311546954484
395 7880001 7900000 4.51311546954484
396 7900001 7920000 4.51311546954484
397 7920001 7940000 4.51311546954484
398 7940001 7960000 4.51311546954484
399 7960001 7980000 4.51311546954501
400 7980001 8000000 4.51311546954501
401 8000001 8020000 4.51311546954501
402 8020001 8040000 4.51311546954501
403 8040001 8060000 4.51311546954501
404 8060001 8080000 4.51311546954501
405 8080001 8100000 4.51311546954501
406 8100001 8120000 4.51311546954484
407 8120001 8140000 4.51311546954484
408 8140001 8160000 4.51311546954484
409 8160001 8180000 4.51311546954484
410 8180001 8200000 4.51311546954484
411 8200001 8220000 4.51311546954484
412 8220001 8240000 4.51311546954484
413 8240001 8260000 4.51311546954484
414 8260001 8280000 4.51311546954484
415 8280001 8300000 4.51311546954484
416 8300001 8320000 4.51311546954484
417 8320001 8340000 4.51311546954484
418 8340001 8360000 4.51311546954484
419 8360001 8380000 4.51311546954484
420 8380001 8400000 4.51311546954501
421 8400001 8420000 4.51311546954484
422 8420001 8440000 6.28610433480152
423 8440001 8460000 7.32256038803504
424 8460001 8480000 7.32256038803504
425 8480001 8500000 7.32256038803504
426 8500001 8520000 7.32256038803521
427 8520001 8540000 7.32256038803521
428 8540001 8560000 7.32256038803521
429 8560001 8580000 7.32256038803504
430 8580001 8600000 7.32256038803504
431 8600001 8620000 7.32256038803521
432 8620001 8640000 7.32256038803521
433 8640001 8660000 7.32256038803521
434 8660001 8680000 7.32256038803504
435 8680001 8700000 7.32256038803504
436 8700001 8720000 7.32256038803504
437 8720001 8740000 7.32256038803521
438 8740001 8760000 7.32256038803521
439 8760001 8780000 7.32256038803521
440 8780001 8800000 7.32256038803504
441 8800001 8820000 7.32256038803504
442 8820001 8840000 7.32256038803504
443 8840001 8860000 7.32256038803521
444 8860001 8880000 7.32256038803521
445 8880001 8900000 7.32256038803504
446 8900001 8920000 7.32256038803504
447 8920001 8940000 7.32256038803504
448 8940001 8960000 7.32256038803521
449 8960001 8980000 7.32256038803521
450 8980001 9000000 7.32256038803504
451 9000001 9020000 7.32256038803504
452 9020001 9040000 7.32256038803504
453 9040001 9060000 7.32256038803521
454 9060001 9080000 7.32256038803521
455 9080001 9100000 7.32256038803521
456 9100001 9120000 7.32256038803521
457 9120001 9140000 7.32256038803504
458 9140001 9160000 7.32256038803504
459 9160001 9180000 7.32256038803521
460 9180001 9200000 7.32256038803521
461 9200001 9220000 7.32256038803521
462 9220001 9240000 7.32256038803504
463 9240001 9260000 7.32256038803521
464 9260001 9280000 7.32256038803504
465 9280001 9300000 7.32256038803521
466 9300001 9320000 7.32256038803521
467 9320001 9340000 7.32256038803504
468 9340001 9360000 7.32256038803504
469 9360001 9380000 7.32256038803504
470 9380001 9400000 7.32256038803521
471 9400001 9420000 7.32256038803521
472 9420001 9440000 7.32256038803504
473 9440001 9460000 7.32256038803521
474 9460001 9480000 7.32256038803504
475 9480001 9500000 7.32256038803521
476 9500001 9520000 7.32256038803504
477 9520001 9540000 7.32256038803504
478 9540001 9560000 7.32256038803521
479 9560001 9580000 7.32256038803504
480 9580001 9600000 7.32256038803521
481 9600001 9620000 7.32256038803504
482 9620001 9640000 7.32256038803504
483 9640001 9660000 7.32256038803504
484 9660001 9680000 7.32256038803504
485 9680001 9700000 7.32256038803504
486 9700001 9720000 7.32256038803504
487 9720001 9740000 7.32256038803539
488 9740001 9760000 7.32256038803504
489 9760001 9780000 7.32256038803504
490 9780001 9800000 7.32256038803504
491 9800001 9820000 7.32256038803504
492 9820001 9840000 7.32256038803539
493 9840001 9860000 7.32256038803504
494 9860001 9880000 7.32256038803504
495 9880001 9900000 9.97835916986477
496 9900001 9920000 10.1579927944949
497 9920001 9940000 10.1579927944949
498 9940001 9960000 10.1579927944949
499 9960001 9980000 10.1579927944949
500 9980001 10000000 10.1579927944949
501 10000001 10020000 10.1579927944953
502 10020001 10040000 10.1579927944949
503 10040001 10060000 10.1579927944949
504 10060001 10080000 10.1579927944949
505 10080001 10100000 10.1579927944949
506 10100001 10120000 10.1579927944949
507 10120001 10140000 10.1579927944949
508 10140001 10160000 10.1579927944953
509 10160001 10180000 10.1579927944949
510 10180001 10200000 10.1579927944949
511 10200001 10220000 10.1579927944949
512 10220001 10240000 10.1579927944949
513 10240001 10260000 10.1579927944949
514 10260001 10280000 10.1579927944953
515 10280001 10300000 10.1579927944949
516 10300001 10320000 10.1579927944949
517 10320001 10340000 10.1579927944949
518 10340001 10360000 10.1579927944949
519 10360001 10380000 10.1579927944949
520 10380001 10400000 10.1579927944953
521 10400001 10420000 10.1579927944949
522 10420001 10440000 10.1579927944949
523 10440001 10460000 10.1579927944949
524 10460001 10480000 10.1579927944949
525 10480001 10500000 7.00436784921607
526 10500001 10520000 4.49697984407516
527 10520001 10540000 4.4969798440748
528 10540001 10560000 4.4969798440748
529 10560001 10580000 4.4969798440748
530 10580001 10600000 4.49697984407516
531 10600001 10620000 4.4969798440748
532 10620001 10640000 4.4969798440748
533 10640001 10660000 4.49697984407516
534 10660001 10680000 4.4969798440748
535 10680001 10700000 4.4969798440748
536 10700001 10720000 4.4969798440748
537 10720001 10740000 4.49697984407516
538 10740001 10760000 4.4969798440748
539 10760001 10780000 4.4969798440748
540 10780001 10800000 2.36662114602274
541 10800001 10820000 2.03169552499435
542 10820001 10840000 2.03169552499435
543 10840001 10860000 2.031695524994
544 10860001 10880000 2.03169552499435
545 10880001 10900000 2.03169552499435
546 10900001 10920000 2.03169552499435
547 10920001 10940000 2.031695524994
548 10940001 10960000 2.03169552499435
549 10960001 10980000 2.03169552499435
550 10980001 11000000 2.03169552499435
551 11000001 11020000 2.03169552499435
552 11020001 11040000 2.03169552499435
553 11040001 11060000 2.03169552499435
554 11060001 11080000 2.03169552499435
555 11080001 11100000 2.03169552499435
556 11100001 11120000 2.03169552499435
557 11120001 11140000 2.03169552499435
558 11140001 11160000 2.03169552499435
559 11160001 11180000 2.03169552499435
560 11180001 11200000 2.03169552499435
561 11200001 11220000 2.03169552499435
562 11220001 11240000 2.03169552499435
563 11240001 11260000 2.03169552499435
564 11260001 11280000 2.03169552499435
565 11280001 11300000 2.03169552499435
566 11300001 11320000 2.03169552499435
567 11320001 11340000 2.03169552499435
568 11340001 11360000 2.03169552499435
569 11360001 11380000 2.03169552499435
570 11380001 11400000 2.03169552499435
571 11400001 11420000 2.03169552499435
572 11420001 11440000 2.03169552499435
573 11440001 11460000 2.03169552499435
574 11460001 11480000 2.03169552499435
575 11480001 11500000 2.03169552499435
576 11500001 11520000 2.03169552499435
577 11520001 11540000 2.03169552499435
578 11540001 11560000 2.03169552499435
579 11560001 11580000 2.03169552499435
580 11580001 11600000 2.031695524994
581 11600001 11620000 2.03169552499435
582 11620001 11640000 2.01144964580035
583 11640001 11660000 1.31884809893278
584 11660001 11680000 1.31884809893278
585 11680001 11700000 1.31884809893278
586 11700001 11720000 1.31884809893278
587 11720001 11740000 1.31884809893278
588 11740001 11760000 1.31884809893313
589 11760001 11780000 1.31884809893313
590 11780001 11800000 1.31884809893278
591 11800001 11820000 1.31884809893278
592 11820001 11840000 1.31884809893278
593 11840001 11860000 1.31884809893278
594 11860001 11880000 1.31884809893278
595 11880001 11900000 1.31884809893278
596 11900001 11920000 1.31884809893313
597 11920001 11940000 1.31884809893278
598 11940001 11960000 1.31884809893278
599 11960001 11980000 1.31884809893278
600 11980001 12000000 1.31884809893278
601 12000001 12020000 1.31884809893278
602 12020001 12040000 1.31884809893278
603 12040001 12060000 1.31884809893313
604 12060001 12080000 1.31884809893313
605 12080001 12100000 1.31884809893278
606 12100001 12120000 1.31884809893278
607 12120001 12140000 1.31884809893278
608 12140001 12160000 1.31884809893278
609 12160001 12180000 1.31884809893278
610 12180001 12200000 1.31884809893278
611 12200001 12220000 1.31884809893313
612 12220001 12240000 1.31884809893278
613 12240001 12260000 1.31884809893278
614 12260001 12280000 1.31884809893278
615 12280001 12300000 1.31884809893278
616 12300001 12320000 1.31884809893278
617 12320001 12340000 1.31884809893278
618 12340001 12360000 1.31884809893313
619 12360001 12380000 1.31884809893278
620 12380001 12400000 1.31884809893278
621 12400001 12420000 1.31884809893278
622 12420001 12440000 1.31884809893278
623 12440001 12460000 1.31884809893278
624 12460001 12480000 1.31884809893278
625 12480001 12500000 1.31884809893278
626 12500001 12520000 1.31884809893313
627 12520001 12540000 1.31884809893278
628 12540001 12560000 1.31884809893278
629 12560001 12580000 1.24204375336748
630 12580001 12600000 0.515075149189603
631 12600001 12620000 0.515075149189603
632 12620001 12640000 0.515075149189603
633 12640001 12660000 0.515075149189958
634 12660001 12680000 0.515075149189958
635 12680001 12700000 0.515075149189958
636 12700001 12720000 0.515075149189603
637 12720001 12740000 0.515075149189603
638 12740001 12760000 0.515075149189603
639 12760001 12780000 0.515075149189603
640 12780001 12800000 0.515075149189603
641 12800001 12820000 0.515075149189603
642 12820001 12840000 0.515075149189603
643 12840001 12860000 0.515075149189603
644 12860001 12880000 0.515075149189958
645 12880001 12900000 0.515075149189958
646 12900001 12920000 0.515075149189958
647 12920001 12940000 0.515075149189603
648 12940001 12960000 0.515075149189603
649 12960001 12980000 0.515075149189603
650 12980001 13000000 0.515075149189603
651 13000001 13020000 0.515075149189603
652 13020001 13040000 0.515075149189603
653 13040001 13060000 0.515075149189603
654 13060001 13080000 0.515075149189603
655 13080001 13100000 0.876604239315499
656 13100001 13120000 2.72210209467859
657 13120001 13140000 2.72210209467859
658 13140001 13160000 2.72210209467859
659 13160001 13180000 2.72210209467859
660 13180001 13200000 2.72210209467859
661 13200001 13220000 2.72210209467859
662 13220001 13240000 2.72210209467859
663 13240001 13260000 2.72210209467859
664 13260001 13280000 2.72210209467859
665 13280001 13300000 2.72210209467859
666 13300001 13320000 2.72210209467859
667 13320001 13340000 2.72210209467859
668 13340001 13360000 2.72210209467859
669 13360001 13380000 2.72210209467859
670 13380001 13400000 2.72210209467859
671 13400001 13420000 2.72210209467859
672 13420001 13440000 2.72210209467859
673 13440001 13460000 2.72210209467859
674 13460001 13480000 2.72210209467859
675 13480001 13500000 2.72210209467859
676 13500001 13520000 2.72210209467859
677 13520001 13540000 2.72210209467859
678 13540001 13560000 2.72210209467859
679 13560001 13580000 2.72210209467859
680 13580001 13600000 2.72210209467859
681 13600001 13620000 2.72210209467859
682 13620001 13640000 2.72210209467859
683 13640001 13660000 2.72210209467859
684 13660001 13680000 2.72210209467859
685 13680001 13700000 2.72210209467859
686 13700001 13720000 2.72210209467859
687 13720001 13740000 2.72210209467859
688 13740001 13760000 2.72210209467859
689 13760001 13780000 2.72210209467859
690 13780001 13800000 4.38181964979518
691 13800001 13820000 4.85243335613673
692 13820001 13840000 4.85243335613708
693 13840001 13860000 4.85243335613673
694 13860001 13880000 4.85243335613673
695 13880001 13900000 4.85243335613673
696 13900001 13920000 4.85243335613708
697 13920001 13940000 4.85243335613708
698 13940001 13960000 4.85243335613673
699 13960001 13980000 4.85243335613673
700 13980001 14000000 4.85243335613673
701 14000001 14020000 4.85243335613708
702 14020001 14040000 4.85243335613673
703 14040001 14060000 4.85243335613673
704 14060001 14080000 4.85243335613673
705 14080001 14100000 4.85243335613708
706 14100001 14120000 4.85243335613708
707 14120001 14140000 4.85153731204802
708 14140001 14160000 4.8042613514852
709 14160001 14180000 4.8042613514852
710 14180001 14200000 4.80426135148484
711 14200001 14220000 4.8042613514852
712 14220001 14240000 4.8042613514852
713 14240001 14260000 4.8042613514852
714 14260001 14280000 4.80426135148484
715 14280001 14300000 4.8042613514852
716 14300001 14320000 5.03300753512135
717 14320001 14340000 5.07794935187632
718 14340001 14360000 5.07794935187632
719 14360001 14380000 5.07794935187632
720 14380001 14400000 5.07794935187632
721 14400001 14420000 5.07794935187632
722 14420001 14440000 5.07794935187632
723 14440001 14460000 5.07794935187632
724 14460001 14480000 5.07794935187632
725 14480001 14500000 5.07794935187632
726 14500001 14520000 5.07794935187632
727 14520001 14540000 5.07794935187632
728 14540001 14560000 5.07794935187632
729 14560001 14580000 5.07794935187632
730 14580001 14600000 5.07794935187632
731 14600001 14620000 5.07794935187632
732 14620001 14640000 5.07794935187632
733 14640001 14660000 5.07794935187632
734 14660001 14680000 5.07794935187632
735 14680001 14700000 5.07794935187632
736 14700001 14720000 5.07794935187632
737 14720001 14740000 5.07794935187632
738 14740001 14760000 5.07794935187632
739 14760001 14780000 5.07794935187597
740 14780001 14800000 5.07794935187632
741 14800001 14820000 5.07794935187632
742 14820001 14840000 5.07794935187632
743 14840001 14860000 5.07794935187632
744 14860001 14880000 5.07794935187632
745 14880001 14900000 5.07794935187632
746 14900001 14920000 5.07794935187632
747 14920001 14940000 5.07794935187632
748 14940001 14960000 5.07794935187632
749 14960001 14980000 5.07794935187632
750 14980001 15000000 5.07794935187632
751 15000001 15020000 5.07794935187632
752 15020001 15040000 5.07794935187632
753 15040001 15060000 5.07794935187632
754 15060001 15080000 5.07794935187632
755 15080001 15100000 5.07794935187632
756 15100001 15120000 5.07794935187632
757 15120001 15140000 5.07794935187632
758 15140001 15160000 5.07794935187632
759 15160001 15180000 5.07794935187632
760 15180001 15200000 5.07794935187632
761 15200001 15220000 5.07794935187597
762 15220001 15240000 5.07794935187632
763 15240001 15260000 5.07794935187632
764 15260001 15280000 5.07794935187597
765 15280001 15300000 5.07794935187632
766 15300001 15320000 5.07794935187632
767 15320001 15340000 5.07794935187597
768 15340001 15360000 5.07794935187632
769 15360001 15380000 5.07794935187632
770 15380001 15400000 5.07794935187597
771 15400001 15420000 5.07794935187632
772 15420001 15440000 5.07794935187632
773 15440001 15460000 5.07794935187597
774 15460001 15480000 4.4211707447041
775 15480001 15500000 4.10021261189994
776 15500001 15520000 4.10021261190029
777 15520001 15540000 4.10021261189994
778 15540001 15560000 4.10021261190029
779 15560001 15580000 4.10021261189994
780 15580001 15600000 4.10021261190029
781 15600001 15620000 4.10021261189994
782 15620001 15640000 4.10021261190029
783 15640001 15660000 4.10021261190029
784 15660001 15680000 4.10021261190029
785 15680001 15700000 4.10021261190029
786 15700001 15720000 4.10021261190029
787 15720001 15740000 4.10021261190029
788 15740001 15760000 4.10021261190029
789 15760001 15780000 4.10021261190029
790 15780001 15800000 4.10021261190029
791 15800001 15820000 4.10021261190029
792 15820001 15840000 4.10021261189994
793 15840001 15860000 4.10021261190029
794 15860001 15880000 4.10021261189994
795 15880001 15900000 4.10021261190029
796 15900001 15920000 4.10021261189994
797 15920001 15940000 4.10021261190029
798 15940001 15960000 4.10021261189994
799 15960001 15980000 4.10021261190029
800 15980001 16000000 4.10021261189994
801 16000001 16020000 4.10021261190029
802 16020001 16040000 4.10021261190029
803 16040001 16060000 4.10021261190029
804 16060001 16080000 4.10021261190029
805 16080001 16100000 4.10021261190029
806 16100001 16120000 4.10021261190029
807 16120001 16140000 4.10021261190029
808 16140001 16160000 4.10021261190029
809 16160001 16180000 4.10021261190029
810 16180001 16200000 4.10021261190029
811 16200001 16220000 4.10021261189994
812 16220001 16240000 4.10021261190029
813 16240001 16260000 4.10021261189994
814 16260001 16280000 4.10021261190029
815 16280001 16300000 4.10021261189994
816 16300001 16320000 4.10021261190029
817 16320001 16340000 4.10021261189994
818 16340001 16360000 4.10021261190029
819 16360001 16380000 4.10021261189994
820 16380001 16400000 4.10021261190029
821 16400001 16420000 4.10021261190029
822 16420001 16440000 4.10021261190029
823 16440001 16460000 4.10021261190029
824 16460001 16480000 4.10021261190029
825 16480001 16500000 4.10021261190029
826 16500001 16520000 4.10021261190029
827 16520001 16540000 4.10021261190029
828 16540001 16560000 4.10021261190029
829 16560001 16580000 4.10021261190029
830 16580001 16600000 4.10021261189994
831 16600001 16620000 4.10021261190029
832 16620001 16640000 4.10021261189994
833 16640001 16660000 4.10021261190029
834 16660001 16680000 4.10021261189994
835 16680001 16700000 4.10021261190029
836 16700001 16720000 4.10021261189994
837 16720001 16740000 4.10021261190029
838 16740001 16760000 4.10021261189994
839 16760001 16780000 4.10021261190029
840 16780001 16800000 4.10021261190029
841 16800001 16820000 4.10021261190029
842 16820001 16840000 4.10021261190029
843 16840001 16860000 4.10021261190029
844 16860001 16880000 4.10021261190029
845 16880001 16900000 4.10021261190029
846 16900001 16920000 4.10021261190029
847 16920001 16940000 4.10021261190029
848 16940001 16960000 4.10021261190029
849 16960001 16980000 4.10021261189994
850 16980001 17000000 4.10021261190029
851 17000001 17020000 4.10021261189994
852 17020001 17040000 4.10021261190029
853 17040001 17060000 4.10021261189994
854 17060001 17080000 4.10021261190029
855 17080001 17100000 4.10021261189994
856 17100001 17120000 3.67721124601343
857 17120001 17140000 2.18627498376309
858 17140001 17160000 2.18627498376274
859 17160001 17180000 2.18627498376274
860 17180001 17200000 2.18627498376274
861 17200001 17220000 2.18627498376274
862 17220001 17240000 2.18627498376309
863 17240001 17260000 2.18627498376274
864 17260001 17280000 2.18627498376274
865 17280001 17300000 2.18627498376274
866 17300001 17320000 2.18627498376274
867 17320001 17340000 2.18627498376274
868 17340001 17360000 2.18627498376274
869 17360001 17380000 2.18627498376274
870 17380001 17400000 2.18627498376274
871 17400001 17420000 2.18627498376309
872 17420001 17440000 2.18627498376274
873 17440001 17460000 2.18627498376274
874 17460001 17480000 2.18627498376274
875 17480001 17500000 2.18627498376274
876 17500001 17520000 2.18627498376309
877 17520001 17540000 2.18627498376274
878 17540001 17560000 2.18627498376274
879 17560001 17580000 2.18627498376274
880 17580001 17600000 2.68746669990328
881 17600001 17620000 3.34357011493655
882 17620001 17640000 3.3435701149362
883 17640001 17660000 3.3435701149362
884 17660001 17680000 3.3435701149362
885 17680001 17700000 3.3435701149362
886 17700001 17720000 3.34357011493655
887 17720001 17740000 3.3435701149362
888 17740001 17760000 3.3435701149362
889 17760001 17780000 3.34357011493655
890 17780001 17800000 3.3435701149362
891 17800001 17820000 3.3435701149362
892 17820001 17840000 3.3435701149362
893 17840001 17860000 3.3435701149362
894 17860001 17880000 3.34357011493655
895 17880001 17900000 3.3435701149362
896 17900001 17920000 3.3435701149362
897 17920001 17940000 3.3435701149362
898 17940001 17960000 3.33758263721881
899 17960001 17980000 3.12345326406614
900 17980001 18000000 3.12345326406614
901 18000001 18020000 3.12345326406614
902 18020001 18040000 3.12345326406649
903 18040001 18060000 3.12345326406649
904 18060001 18080000 3.12345326406578
905 18080001 18100000 3.55467344444751
906 18100001 18120000 3.90766462966117
907 18120001 18140000 3.90766462966117
908 18140001 18160000 3.90766462966117
909 18160001 18180000 3.90766462966117
910 18180001 18200000 3.90766462966046
911 18200001 18220000 3.90766462966046
912 18220001 18240000 3.90766462966046
913 18240001 18260000 3.90766462966046
914 18260001 18280000 3.90766462966046
915 18280001 18300000 3.90766462966046
916 18300001 18320000 3.90766462966046
917 18320001 18340000 3.90766462966046
918 18340001 18360000 3.90766462966046
919 18360001 18380000 3.90766462966046
920 18380001 18400000 3.90766462966046
921 18400001 18420000 3.90766462966046
922 18420001 18440000 3.90766462966046
923 18440001 18460000 3.90766462966046
924 18460001 18480000 3.90766462966046
925 18480001 18500000 3.90766462966117
926 18500001 18520000 3.90766462966117
927 18520001 18540000 3.90766462966117
928 18540001 18560000 3.90766462966117
929 18560001 18580000 3.90766462966117
930 18580001 18600000 3.90766462966117
931 18600001 18620000 3.90766462966046
932 18620001 18640000 4.0711549066459
933 18640001 18660000 5.69924931427721
934 18660001 18680000 5.69924931427721
935 18680001 18700000 5.69924931427792
936 18700001 18720000 4.6720333208459
937 18720001 18740000 4.06298546301233
938 18740001 18760000 4.06298546301233
939 18760001 18780000 4.06298546301233
940 18780001 18800000 4.06298546301233
941 18800001 18820000 4.06298546301233
942 18820001 18840000 4.06298546301233
943 18840001 18860000 4.06298546301233
944 18860001 18880000 4.06298546301233
945 18880001 18900000 4.06298546301233
946 18900001 18920000 4.06298546301233
947 18920001 18940000 4.06298546301233
948 18940001 18960000 4.06298546301162
949 18960001 18980000 4.06298546301162
950 18980001 19000000 4.06298546301162
951 19000001 19020000 4.06298546301162
952 19020001 19040000 4.06298546301162
953 19040001 19060000 4.06298546301162
954 19060001 19080000 4.06298546301162
955 19080001 19100000 4.06298546301162
956 19100001 19120000 4.06298546301162
957 19120001 19140000 4.06298546301162
958 19140001 19160000 4.06298546301162
959 19160001 19180000 4.06298546301162
960 19180001 19200000 4.06298546301162
961 19200001 19220000 4.06298546301162
962 19220001 19240000 4.06298546301162
963 19240001 19260000 4.06298546301162
964 19260001 19280000 4.06298546301162
965 19280001 19300000 4.06298546301162
966 19300001 19320000 4.06298546301162
967 19320001 19340000 3.51177741331086
968 19340001 19360000 3.48952607654935
969 19360001 19380000 3.48952607654864
970 19380001 19400000 3.48952607654935
971 19400001 19420000 3.48952607654935
972 19420001 19440000 3.48952607654935
973 19440001 19460000 3.48952607654935
974 19460001 19480000 3.48952607654935
975 19480001 19500000 3.48952607654935
976 19500001 19520000 3.48952607654935
977 19520001 19540000 3.48952607654935
978 19540001 19560000 3.48952607654935
979 19560001 19580000 3.48952607654935
980 19580001 19600000 3.48952607654935
981 19600001 19620000 3.48952607654935
982 19620001 19640000 3.48952607654935
983 19640001 19660000 3.48952607654935
984 19660001 19680000 3.48952607654935
985 19680001 19700000 3.250105642557
986 19700001 19720000 1.78676318202254
987 19720001 19740000 1.78676318202183
988 19740001 19760000 1.78676318202254
989 19760001 19780000 1.78676318202254
990 19780001 19800000 1.78676318202254
991 19800001 19820000 1.78676318202254
992 19820001 19840000 1.78676318202254
993 19840001 19860000 1.78676318202254
994 19860001 19880000 1.78676318202254
995 19880001 19900000 1.78676318202254
996 19900001 19920000 1.78676318202254
997 19920001 19940000 1.78676318202183
998 19940001 19960000 1.78676318202254
999 19960001 19980000 1.78676318202254
1000 19980001 20000000 1.78676318202254
1001 20000001 20020000 1.78676318202254
1002 20020001 20040000 1.78676318202254
1003 20040001 20060000 1.78676318202254
1004 20060001 20080000 1.78676318202254
1005 20080001 20100000 1.78676318202254
1006 20100001 20120000 1.78676318202254
1007 20120001 20140000 1.78676318202183
1008 20140001 20160000 1.78676318202254
1009 20160001 20180000 1.78676318202254
1010 20180001 20200000 1.78676318202254
1011 20200001 20220000 1.78676318202254
1012 20220001 20240000 1.78676318202254
1013 20240001 20260000 1.78676318202254
1014 20260001 20280000 1.78676318202254
1015 20280001 20300000 1.78676318202254
1016 20300001 20320000 2.2071669446803
1017 20320001 20340000 2.21439427145853
1018 20340001 20360000 2.21439427145853
1019 20360001 20380000 2.21439427145853
1020 20380001 20400000 2.21439427145853
1021 20400001 20420000 2.21439427145853
1022 20420001 20440000 2.21439427145782
1023 20440001 20460000 2.21439427145853
1024 20460001 20480000 2.21439427145853
1025 20480001 20500000 2.21439427145853
1026 20500001 20520000 2.21439427145853
1027 20520001 20540000 2.21439427145853
1028 20540001 20560000 2.21439427145853
1029 20560001 20580000 2.21439427145853
1030 20580001 20600000 2.21439427145853
1031 20600001 20620000 2.21439427145853
1032 20620001 20640000 2.21439427145853
1033 20640001 20660000 2.21439427145782
1034 20660001 20680000 2.21439427145853
1035 20680001 20700000 2.21439427145853
1036 20700001 20720000 2.21439427145853
1037 20720001 20740000 2.21439427145853
1038 20740001 20760000 2.21439427145853
1039 20760001 20780000 2.21439427145853
1040 20780001 20800000 3.05342563840058
1041 20800001 20820000 3.68128720855752
1042 20820001 20840000 3.68128720855752
1043 20840001 20860000 3.68128720855752
1044 20860001 20880000 3.68128720855752
1045 20880001 20900000 3.68128720855752
1046 20900001 20920000 3.68128720855752
1047 20920001 20940000 3.68128720855752
1048 20940001 20960000 3.68128720855752
1049 20960001 20980000 3.68128720855752
1050 20980001 21000000 3.68128720855752
1051 21000001 21020000 3.68128720855752
1052 21020001 21040000 3.68128720855823
1053 21040001 21060000 3.68128720855823
1054 21060001 21080000 3.68128720855823
1055 21080001 21100000 3.68128720855823
1056 21100001 21120000 3.68128720855823
1057 21120001 21140000 3.68128720855823
1058 21140001 21160000 3.68128720855752
1059 21160001 21180000 3.68128720855752
1060 21180001 21200000 3.68128720855752
1061 21200001 21220000 3.68128720855752
1062 21220001 21240000 3.68128720855752
1063 21240001 21260000 3.68128720855752
1064 21260001 21280000 3.68128720855752
1065 21280001 21300000 3.89334261660223
1066 21300001 21320000 4.45137911076961
1067 21320001 21340000 4.45137911076961
1068 21340001 21360000 4.4513791107689
1069 21360001 21380000 4.45137911076961
1070 21380001 21400000 4.45137911076961
1071 21400001 21420000 4.4513791107689
1072 21420001 21440000 4.45137911076961
1073 21440001 21460000 4.45137911076961
1074 21460001 21480000 4.4513791107689
1075 21480001 21500000 4.45137911076961
1076 21500001 21520000 4.45137911076961
1077 21520001 21540000 4.45137911076961
1078 21540001 21560000 4.45137911076961
1079 21560001 21580000 4.4513791107689
1080 21580001 21600000 4.45137911076961
1081 21600001 21620000 4.45137911076961
1082 21620001 21640000 4.4513791107689
1083 21640001 21660000 4.45137911076961
1084 21660001 21680000 4.45137911076961
1085 21680001 21700000 4.45137911076961
1086 21700001 21720000 4.45137911076961
1087 21720001 21740000 4.4513791107689
1088 21740001 21760000 4.25533728444859
1089 21760001 21780000 2.85437687672017
1090 21780001 21800000 2.85437687672017
1091 21800001 21820000 2.85437687672088
1092 21820001 21840000 2.85437687672088
1093 21840001 21860000 2.85437687672088
1094 21860001 21880000 2.85437687672088
1095 21880001 21900000 2.85437687672088
1096 21900001 21920000 5.88935718734212
1097 21920001 21940000 6.17948760489598
1098 21940001 21960000 6.17948760489669
1099 21960001 21980000 6.17948760489669
1100 21980001 22000000 6.17948760489669
1101 22000001 22020000 6.17948760489669
1102 22020001 22040000 6.17948760489669
1103 22040001 22060000 6.17948760489669
1104 22060001 22080000 6.17948760489598
1105 22080001 22100000 6.17948760489598
1106 22100001 22120000 6.17948760489598
1107 22120001 22140000 6.17948760489598
1108 22140001 22160000 6.17948760489598
1109 22160001 22180000 6.17948760489598
1110 22180001 22200000 6.17948760489669
1111 22200001 22220000 0.962194329799106
1112 22220001 22240000 0
1113 22240001 22260000 0
1114 22260001 22280000 0
1115 22280001 22300000 2.78103336115488
1116 22300001 22320000 2.78646724397451
1117 22320001 22340000 2.78646724397451
1118 22340001 22360000 2.78646724397451
1119 22360001 22380000 2.78646724397451
1120 22380001 22400000 2.78646724397451
1121 22400001 22420000 2.78646724397451
1122 22420001 22440000 2.7864672439738
1123 22440001 22460000 2.78646724397451
1124 22460001 22480000 2.78646724397451
1125 22480001 22500000 2.78646724397451
1126 22500001 22520000 2.78646724397451
1127 22520001 22540000 2.78646724397451
1128 22540001 22560000 2.78646724397451
1129 22560001 22580000 2.7864672439738
1130 22580001 22600000 2.78646724397451
1131 22600001 22620000 2.78646724397451
1132 22620001 22640000 2.78646724397451
1133 22640001 22660000 2.78646724397451
1134 22660001 22680000 2.78646724397451
1135 22680001 22700000 2.78646724397451
1136 22700001 22720000 2.78646724397451
1137 22720001 22740000 2.78646724397451
1138 22740001 22760000 2.78646724397451
1139 22760001 22780000 2.78646724397451
1140 22780001 22800000 2.78646724397451
1141 22800001 22820000 2.78646724397451
1142 22820001 22840000 2.78646724397451
1143 22840001 22860000 2.78646724397451
1144 22860001 22880000 2.78646724397451
1145 22880001 22900000 2.7864672439738
1146 22900001 22920000 2.78646724397451
1147 22920001 22940000 2.78646724397451
1148 22940001 22960000 2.78646724397451
1149 22960001 22980000 2.78646724397451
1150 22980001 23000000 2.78646724397451
1151 23000001 23020000 2.78646724397451
1152 23020001 23040000 2.78646724397451
1153 23040001 23060000 2.6430765954123
1154 23060001 23080000 1.33888037845284
1155 23080001 23100000 1.33888037845284
1156 23100001 23120000 1.33888037845284
1157 23120001 23140000 1.33888037845355
1158 23140001 23160000 1.33888037845284
1159 23160001 23180000 1.33888037845284
1160 23180001 23200000 1.33888037845284
1161 23200001 23220000 1.33888037845355
1162 23220001 23240000 1.33888037845355
1163 23240001 23260000 1.33888037845284
1164 23260001 23280000 1.41969167774113
1165 23280001 23300000 1.56297150081293
1166 23300001 23320000 1.56297150081293
1167 23320001 23340000 1.56297150081364
1168 23340001 23360000 1.56297150081364
1169 23360001 23380000 1.56297150081293
1170 23380001 23400000 1.56297150081364
1171 23400001 23420000 1.56297150081364
1172 23420001 23440000 1.56297150081293
1173 23440001 23460000 1.56297150081293
1174 23460001 23480000 1.56297150081364
1175 23480001 23500000 1.56297150081364
1176 23500001 23520000 1.56297150081293
1177 23520001 23540000 1.56297150081364
1178 23540001 23560000 1.56297150081364
1179 23560001 23580000 1.56297150081293
1180 23580001 23600000 1.56297150081293
1181 23600001 23620000 1.56297150081364
1182 23620001 23640000 1.56297150081364
1183 23640001 23660000 1.56297150081293
1184 23660001 23680000 1.56297150081293
1185 23680001 23700000 1.56297150081364
1186 23700001 23720000 1.56297150081364
1187 23720001 23740000 1.56297150081293
1188 23740001 23760000 1.56297150081364
1189 23760001 23780000 1.56297150081364
1190 23780001 23800000 1.56297150081293
1191 23800001 23820000 1.56297150081293
1192 23820001 23840000 1.56297150081364
1193 23840001 23860000 1.56297150081364
1194 23860001 23880000 1.56297150081293
1195 23880001 23900000 1.56297150081364
1196 23900001 23920000 1.56297150081364
1197 23920001 23940000 1.56297150081293
1198 23940001 23960000 1.56297150081293
1199 23960001 23980000 1.56297150081364
1200 23980001 24000000 1.56297150081364
1201 24000001 24020000 1.56297150081293
1202 24020001 24040000 1.56297150081364
1203 24040001 24060000 1.56297150081364
1204 24060001 24080000 2.01898555956272
1205 24080001 24100000 2.48500417303456
1206 24100001 24120000 2.48500417303456
1207 24120001 24140000 2.48500417303456
1208 24140001 24160000 2.48500417303456
1209 24160001 24180000 2.48500417303456
1210 24180001 24200000 2.48500417303456
1211 24200001 24220000 2.48500417303456
1212 24220001 24240000 2.48500417303456
1213 24240001 24260000 2.48500417303456
1214 24260001 24280000 2.48500417303456
1215 24280001 24300000 2.48500417303456
1216 24300001 24320000 2.48500417303456
1217 24320001 24340000 2.48500417303456
1218 24340001 24360000 2.48500417303456
1219 24360001 24380000 2.48500417303456
1220 24380001 24400000 2.48500417303456
1221 24400001 24420000 2.48500417303456
1222 24420001 24440000 2.48500417303456
1223 24440001 24460000 2.48500417303456
1224 24460001 24480000 2.48500417303456
1225 24480001 24500000 2.48500417303456
1226 24500001 24520000 2.48500417303456
1227 24520001 24540000 2.18421704964114
1228 24540001 24560000 1.78520872390137
1229 24560001 24580000 1.78520872390137
1230 24580001 24600000 1.78520872390137
1231 24600001 24620000 1.78520872390066
1232 24620001 24640000 1.78520872390137
1233 24640001 24660000 1.78520872390137
1234 24660001 24680000 1.78520872390137
1235 24680001 24700000 1.78520872390137
1236 24700001 24720000 1.78520872390066
1237 24720001 24740000 1.78520872390137
1238 24740001 24760000 1.78621982433772
1239 24760001 24780000 1.79203322529459
1240 24780001 24800000 1.79203322529459
1241 24800001 24820000 1.79203322529531
1242 24820001 24840000 1.79203322529531
1243 24840001 24860000 1.79203322529531
1244 24860001 24880000 1.79203322529531
1245 24880001 24900000 1.79203322529459
1246 24900001 24920000 1.79203322529459
1247 24920001 24940000 1.79203322529459
1248 24940001 24960000 1.79203322529531
1249 24960001 24980000 1.79203322529531
1250 24980001 25000000 1.79203322529531
1251 25000001 25020000 1.79203322529531
1252 25020001 25040000 1.79203322529459
1253 25040001 25060000 1.79203322529459
1254 25060001 25080000 1.79203322529459
1255 25080001 25100000 1.79203322529531
1256 25100001 25120000 1.79203322529531
1257 25120001 25140000 1.79203322529531
1258 25140001 25160000 1.79203322529531
1259 25160001 25180000 1.79203322529459
1260 25180001 25200000 1.79203322529459
1261 25200001 25220000 1.79203322529459
1262 25220001 25240000 1.79203322529531
1263 25240001 25260000 1.79203322529531
1264 25260001 25280000 1.79203322529531
1265 25280001 25300000 1.79203322529531
1266 25300001 25320000 1.79203322529459
1267 25320001 25340000 1.79203322529459
1268 25340001 25360000 1.79203322529459
1269 25360001 25380000 1.79203322529459
1270 25380001 25400000 1.79203322529531
1271 25400001 25420000 1.79203322529531
1272 25420001 25440000 1.79203322529531
1273 25440001 25460000 1.79203322529531
1274 25460001 25480000 1.79203322529459
1275 25480001 25500000 1.79203322529459
1276 25500001 25520000 1.79203322529459
1277 25520001 25540000 1.79203322529531
1278 25540001 25560000 1.79203322529531
1279 25560001 25580000 1.79203322529531
1280 25580001 25600000 1.79203322529531
1281 25600001 25620000 2.28408850445991
1282 25620001 25640000 3.06821186983239
1283 25640001 25660000 3.0682118698331
1284 25660001 25680000 3.06821186983239
1285 25680001 25700000 3.0682118698331
1286 25700001 25720000 3.0682118698331
1287 25720001 25740000 3.06821186983239
1288 25740001 25760000 3.0682118698331
1289 25760001 25780000 3.0682118698331
1290 25780001 25800000 3.06821186983239
1291 25800001 25820000 3.0682118698331
1292 25820001 25840000 3.06821186983239
1293 25840001 25860000 3.06821186983239
1294 25860001 25880000 3.0682118698331
1295 25880001 25900000 NA
1296 25900001 25920000 NA
1297 25920001 25940000 NA
1298 25940001 25960000 NA
1299 25960001 25980000 NA
1300 25980001 26000000 NA
1301 26000001 26020000 NA
1302 26020001 26040000 NA
1303 26040001 26060000 NA
1304 26060001 26080000 NA
1305 26080001 26100000 NA
1306 26100001 26120000 NA
1307 26120001 26140000 NA
1308 26140001 26160000 NA
1309 26160001 26180000 NA
1310 26180001 26200000 NA
1311 26200001 26220000 NA
1312 26220001 26240000 NA
1313 26240001 26260000 NA
1314 26260001 26280000 NA
1315 26280001 26300000 NA
1316 26300001 26320000 NA
1317 26320001 26340000 NA
1318 26340001 26360000 NA
1319 26360001 26380000 NA
1320 26380001 26400000 NA
1321 26400001 26420000 NA
1322 26420001 26440000 NA
1323 26440001 26460000 NA
1324 26460001 26480000 NA
1325 26480001 26500000 NA
1326 26500001 26520000 NA
1327 26520001 26540000 NA
1328 26540001 26560000 NA
1329 26560001 26580000 NA
1330 26580001 26600000 NA
1331 26600001 26620000 NA
1332 26620001 26640000 NA
1333 26640001 26660000 NA
1334 26660001 26680000 NA
1335 26680001 26700000 NA
1336 26700001 26720000 NA
1337 26720001 26740000 NA
1338 26740001 26760000 NA
1339 26760001 26780000 NA
1340 26780001 26800000 NA
1341 26800001 26820000 NA
1342 26820001 26840000 NA
1343 26840001 26860000 NA
1344 26860001 26880000 NA
1345 26880001 26900000 NA
1346 26900001 26920000 NA
1347 26920001 26940000 NA
1348 26940001 26960000 NA
